-1 0 -1
-1 0 0
-1 0 1
0 0 -1
0 0 0
0 0 1
0 0 2
1 0 -1
1 0 0
1 0 1
1 0 2
1 0 3
2 0 -1
2 0 0
2 0 1
2 0 2
2 0 3
2 0 4
3 0 0
3 0 1
3 0 2
3 0 3
3 0 4
3 0 5
4 0 1
4 0 2
4 0 3
4 0 4
4 0 5
4 0 6
5 0 2
5 0 3
5 0 4
5 0 5
5 0 6
5 0 7
6 0 3
6 0 4
6 0 5
6 0 6
6 0 7
6 0 8
7 0 4
7 0 5
7 0 6
7 0 7
7 0 8
7 0 9
8 0 5
8 0 6
8 0 7
8 0 8
8 0 9
8 0 10
9 0 6
9 0 7
9 0 8
9 0 9
9 0 10
9 0 11
10 0 7
10 0 8
10 0 9
10 0 10
10 0 11
10 0 12
11 0 8
11 0 9
11 0 10
11 0 11
11 0 12
11 0 13
12 0 9
12 0 10
12 0 11
12 0 12
12 0 13
12 0 14
13 0 10
13 0 11
13 0 12
13 0 13
13 0 14
13 0 15
14 0 11
14 0 12
14 0 13
14 0 14
14 0 15
14 0 16
15 0 12
15 0 13
15 0 14
15 0 15
15 0 16
15 0 17
16 0 13
16 0 14
16 0 15
16 0 16
16 0 17
16 0 18
17 0 14
17 0 15
17 0 16
17 0 17
17 0 18
17 0 19
18 0 15
18 0 16
18 0 17
18 0 18
18 0 19
18 0 20
19 0 16
19 0 17
19 0 18
19 0 19
19 0 20
19 0 21
20 0 17
20 0 18
20 0 19
20 0 20
20 0 21
20 0 22
21 0 18
21 0 19
21 0 20
21 0 21
21 0 22
21 0 23
22 0 19
22 0 20
22 0 21
22 0 22
22 0 23
22 0 24
23 0 20
23 0 21
23 0 22
23 0 23
23 0 24
23 0 25
24 0 21
24 0 22
24 0 23
24 0 24
24 0 25
24 0 26
25 0 22
25 0 23
25 0 24
25 0 25
25 0 26
25 0 27
26 0 23
26 0 24
26 0 25
26 0 26
26 0 27
26 0 28
27 0 24
27 0 25
27 0 26
27 0 27
27 0 28
27 0 29
28 0 25
28 0 26
28 0 27
28 0 28
28 0 29
28 0 30
29 0 26
29 0 27
29 0 28
29 0 29
29 0 30
29 0 31
30 0 27
30 0 28
30 0 29
30 0 30
30 0 31
30 0 32
31 0 28
31 0 29
31 0 30
31 0 31
31 0 32
31 0 33
32 0 29
32 0 30
32 0 31
32 0 32
32 0 33
32 0 34
33 0 30
33 0 31
33 0 32
33 0 33
33 0 34
33 0 35
34 0 31
34 0 32
34 0 33
34 0 34
34 0 35
34 0 36
35 0 32
35 0 33
35 0 34
35 0 35
35 0 36
35 0 37
36 0 33
36 0 34
36 0 35
36 0 36
36 0 37
36 0 38
37 0 34
37 0 35
37 0 36
37 0 37
37 0 38
37 0 39
38 0 35
38 0 36
38 0 37
38 0 38
38 0 39
38 0 40
39 0 36
39 0 37
39 0 38
39 0 39
39 0 40
39 0 41
40 0 37
40 0 38
40 0 39
40 0 40
40 0 41
40 0 42
41 0 38
41 0 39
41 0 40
41 0 41
41 0 42
41 0 43
42 0 39
42 0 40
42 0 41
42 0 42
42 0 43
42 0 44
43 0 40
43 0 41
43 0 42
43 0 43
43 0 44
43 0 45
44 0 41
44 0 42
44 0 43
44 0 44
44 0 45
44 0 46
45 0 42
45 0 43
45 0 44
45 0 45
45 0 46
45 0 47
46 0 43
46 0 44
46 0 45
46 0 46
46 0 47
46 0 48
47 0 44
47 0 45
47 0 46
47 0 47
47 0 48
47 0 49
48 0 45
48 0 46
48 0 47
48 0 48
48 0 49
48 0 50
49 0 46
49 0 47
49 0 48
49 0 49
49 0 50
49 0 51
50 0 47
50 0 48
50 0 49
50 0 50
50 0 51
50 0 52
51 0 48
51 0 49
51 0 50
51 0 51
51 0 52
51 0 53
52 0 49
52 0 50
52 0 51
52 0 52
52 0 53
52 0 54
53 0 50
53 0 51
53 0 52
53 0 53
53 0 54
53 0 55
54 0 51
54 0 52
54 0 53
54 0 54
54 0 55
54 0 56
55 0 52
55 0 53
55 0 54
55 0 55
55 0 56
55 0 57
56 0 53
56 0 54
56 0 55
56 0 56
56 0 57
56 0 58
57 0 54
57 0 55
57 0 56
57 0 57
57 0 58
57 0 59
58 0 55
58 0 56
58 0 57
58 0 58
58 0 59
58 0 60
59 0 56
59 0 57
59 0 58
59 0 59
59 0 60
59 0 61
60 0 57
60 0 58
60 0 59
60 0 60
60 0 61
60 0 62
61 0 58
61 0 59
61 0 60
61 0 61
61 0 62
61 0 63
62 0 59
62 0 60
62 0 61
62 0 62
62 0 63
62 0 64
63 0 60
63 0 61
63 0 62
63 0 63
63 0 64
63 0 65
64 0 61
64 0 62
64 0 63
64 0 64
64 0 65
64 0 66
65 0 62
65 0 63
65 0 64
65 0 65
65 0 66
65 0 67
66 0 63
66 0 64
66 0 65
66 0 66
66 0 67
66 0 68
67 0 64
67 0 65
67 0 66
67 0 67
67 0 68
67 0 69
68 0 65
68 0 66
68 0 67
68 0 68
68 0 69
68 0 70
69 0 66
69 0 67
69 0 68
69 0 69
69 0 70
69 0 71
70 0 67
70 0 68
70 0 69
70 0 70
70 0 71
70 0 72
71 0 68
71 0 69
71 0 70
71 0 71
71 0 72
71 0 73
72 0 69
72 0 70
72 0 71
72 0 72
72 0 73
72 0 74
73 0 70
73 0 71
73 0 72
73 0 73
73 0 74
73 0 75
74 0 71
74 0 72
74 0 73
74 0 74
74 0 75
74 0 76
75 0 72
75 0 73
75 0 74
75 0 75
75 0 76
75 0 77
76 0 73
76 0 74
76 0 75
76 0 76
76 0 77
76 0 78
77 0 74
77 0 75
77 0 76
77 0 77
77 0 78
77 0 79
78 0 75
78 0 76
78 0 77
78 0 78
78 0 79
78 0 80
79 0 76
79 0 77
79 0 78
79 0 79
79 0 80
79 0 81
80 0 77
80 0 78
80 0 79
80 0 80
80 0 81
80 0 82
81 0 78
81 0 79
81 0 80
81 0 81
81 0 82
81 0 83
82 0 79
82 0 80
82 0 81
82 0 82
82 0 83
82 0 84
83 0 80
83 0 81
83 0 82
83 0 83
83 0 84
83 0 85
84 0 81
84 0 82
84 0 83
84 0 84
84 0 85
84 0 86
85 0 82
85 0 83
85 0 84
85 0 85
85 0 86
85 0 87
86 0 83
86 0 84
86 0 85
86 0 86
86 0 87
86 0 88
87 0 84
87 0 85
87 0 86
87 0 87
87 0 88
87 0 89
88 0 85
88 0 86
88 0 87
88 0 88
88 0 89
88 0 90
89 0 86
89 0 87
89 0 88
89 0 89
89 0 90
89 0 91
90 0 87
90 0 88
90 0 89
90 0 90
90 0 91
90 0 92
91 0 88
91 0 89
91 0 90
91 0 91
91 0 92
91 0 93
92 0 89
92 0 90
92 0 91
92 0 92
92 0 93
92 0 94
93 0 90
93 0 91
93 0 92
93 0 93
93 0 94
93 0 95
94 0 91
94 0 92
94 0 93
94 0 94
94 0 95
94 0 96
95 0 92
95 0 93
95 0 94
95 0 95
95 0 96
95 0 97
96 0 93
96 0 94
96 0 95
96 0 96
96 0 97
96 0 98
97 0 94
97 0 95
97 0 96
97 0 97
97 0 98
97 0 99
98 0 95
98 0 96
98 0 97
98 0 98
98 0 99
98 0 100
99 0 96
99 0 97
99 0 98
99 0 99
99 0 100
99 0 101
100 0 97
100 0 98
100 0 99
100 0 100
100 0 101
101 0 98
101 0 99
101 0 100
101 0 101
