1150 74 -132
1151 74 -132
1152 74 -132
1153 74 -132
1154 74 -132
1155 74 -132
1156 74 -132
1157 74 -132
1158 74 -132
1159 74 -132
1160 74 -132
1161 74 -132
1162 74 -132
1163 74 -133
1163 74 -132
1164 74 -133
1165 74 -133
1166 74 -133
1167 74 -133
1168 74 -133
1169 74 -133
1170 74 -133
1171 74 -133
1172 74 -134
1172 74 -133
1173 74 -134
1174 74 -134
1175 74 -134
1176 74 -134
1177 74 -134
1178 74 -134
1179 74 -135
1179 74 -134
1180 74 -135
1181 74 -135
1182 74 -135
1183 74 -135
1184 74 -135
1185 74 -136
1185 74 -135
1186 74 -136
1187 74 -136
1188 74 -136
1189 74 -137
1189 74 -136
1190 74 -137
1191 74 -137
1192 74 -137
1193 74 -137
1194 74 -138
1194 74 -137
1195 74 -138
1196 74 -138
1197 74 -139
1197 74 -138
1198 74 -139
1199 74 -139
1200 74 -139
1201 74 -140
1201 74 -139
1202 74 -140
1203 74 -140
1204 74 -141
1204 74 -140
1205 74 -141
1206 74 -141
1207 74 -142
1207 74 -141
1208 74 -142
1209 74 -142
1210 74 -142
1211 74 -143
1211 74 -142
1212 74 -143
1213 74 -143
1214 74 -144
1214 74 -143
1215 74 -144
1216 74 -145
1216 74 -144
1217 74 -145
1218 74 -145
1219 74 -146
1219 74 -145
1220 74 -146
1221 74 -146
1222 74 -147
1222 74 -146
1223 74 -147
1224 74 -148
1224 74 -147
1225 74 -148
1226 74 -148
1227 74 -149
1227 74 -148
1228 74 -149
1229 74 -150
1229 74 -149
1230 74 -150
1231 74 -151
1231 74 -150
1232 74 -151
1233 74 -151
1234 74 -152
1234 74 -151
1235 74 -152
1236 74 -153
1236 74 -152
1237 74 -153
1238 74 -154
1238 74 -153
1239 74 -154
1240 74 -155
1240 74 -154
1241 74 -155
1242 74 -156
1242 74 -155
1243 74 -156
1244 74 -157
1244 74 -156
1245 74 -157
1246 74 -158
1246 74 -157
1247 74 -158
1248 74 -159
1248 74 -158
1249 74 -159
1250 74 -160
1250 74 -159
1251 74 -160
1252 74 -161
1252 74 -160
1253 74 -161
1254 74 -162
1254 74 -161
1255 74 -162
1256 74 -163
1256 74 -162
1257 74 -164
1257 74 -163
1258 74 -164
1259 74 -165
1259 74 -164
1260 74 -166
1260 74 -165
1261 74 -166
1262 74 -167
1262 74 -166
1263 74 -167
1264 74 -168
1264 74 -167
1265 74 -168
1266 74 -169
1266 74 -168
1267 74 -170
1267 74 -169
1268 74 -170
1269 74 -171
1269 74 -170
1270 74 -172
1270 74 -171
1271 74 -172
1272 74 -173
1272 74 -172
1273 74 -174
1273 74 -173
1274 74 -174
1275 74 -175
1275 74 -174
1276 74 -176
1276 74 -175
1277 74 -176
1278 74 -177
1278 74 -176
1279 74 -178
1279 74 -177
1280 74 -178
1281 74 -179
1281 74 -178
1282 74 -180
1282 74 -179
1283 74 -181
1283 74 -180
1284 74 -181
1285 74 -182
1285 74 -181
1286 74 -183
1286 74 -182
1287 74 -183
1288 74 -184
1288 74 -183
1289 74 -185
1289 74 -184
1290 74 -186
1290 74 -185
1291 74 -187
1291 74 -186
1292 74 -188
1292 74 -187
1293 74 -188
1294 74 -189
1294 74 -188
1295 74 -190
1295 74 -189
1296 74 -190
1297 74 -191
1297 74 -190
1298 74 -192
1298 74 -191
1299 74 -193
1299 74 -192
1300 74 -194
1300 74 -193
1301 74 -195
1301 74 -194
1302 74 -195
1303 74 -196
1303 74 -195
1304 74 -197
1304 74 -196
1305 74 -198
1305 74 -197
1306 74 -199
1306 74 -198
1307 74 -200
1307 74 -199
1308 74 -201
1308 74 -200
1309 74 -202
1309 74 -201
1310 74 -203
1310 74 -202
1311 74 -203
1312 74 -205
1312 74 -204
1312 74 -203
1313 74 -206
1313 74 -205
1314 74 -207
1314 74 -206
1315 74 -208
1315 74 -207
1316 74 -208
1317 74 -209
1317 74 -208
1318 74 -210
1318 74 -209
1319 74 -211
1319 74 -210
1320 74 -213
1320 74 -212
1320 74 -211
1321 74 -214
1321 74 -213
1322 74 -215
1322 74 -214
1323 74 -216
1323 74 -215
1324 74 -217
1324 74 -216
1325 74 -217
1326 74 -219
1326 74 -218
1326 74 -217
1327 74 -220
1327 74 -219
1328 74 -221
1328 74 -220
1329 74 -222
1329 74 -221
1330 74 -223
1330 74 -222
1331 74 -224
1331 74 -223
1332 74 -226
1332 74 -225
1332 74 -224
1333 74 -227
1333 74 -226
1334 74 -228
1334 74 -227
1335 74 -229
1335 74 -228
1336 74 -230
1336 74 -229
1337 74 -232
1337 74 -231
1337 74 -230
1338 74 -233
1338 74 -232
1339 74 -234
1339 74 -233
1340 74 -236
1340 74 -235
1340 74 -234
1341 74 -237
1341 74 -236
1342 74 -238
1342 74 -237
1343 74 -239
1343 74 -238
1344 74 -241
1344 74 -240
1344 74 -239
1345 74 -242
1345 74 -241
1346 74 -243
1346 74 -242
1347 74 -245
1347 74 -244
1347 74 -243
1348 74 -246
1348 74 -245
1349 74 -248
1349 74 -247
1349 74 -246
1350 74 -250
1350 74 -249
1350 74 -248
1351 74 -251
1351 74 -250
1352 74 -253
1352 74 -252
1352 74 -251
1353 74 -254
1353 74 -253
1354 74 -256
1354 74 -255
1354 74 -254
1355 74 -258
1355 74 -257
1355 74 -256
1356 74 -259
1356 74 -258
1357 74 -261
1357 74 -260
1357 74 -259
1358 74 -263
1358 74 -262
1358 74 -261
1359 74 -264
1359 74 -263
1360 74 -266
1360 74 -265
1360 74 -264
1361 74 -268
1361 74 -267
1361 74 -266
1362 74 -270
1362 74 -269
1362 74 -268
1363 74 -272
1363 74 -271
1363 74 -270
1364 74 -275
1364 74 -274
1364 74 -273
1364 74 -272
1365 74 -276
1365 74 -275
1366 74 -279
1366 74 -278
1366 74 -277
1366 74 -276
1367 74 -281
1367 74 -280
1367 74 -279
1368 74 -284
1368 74 -283
1368 74 -282
1368 74 -281
1369 74 -286
1369 74 -285
1369 74 -284
1370 74 -289
1370 74 -288
1370 74 -287
1370 74 -286
1371 74 -291
1371 74 -290
1371 74 -289
1372 74 -294
1372 74 -293
1372 74 -292
1372 74 -291
1373 74 -297
1373 74 -296
1373 74 -295
1373 74 -294
1374 74 -300
1374 74 -299
1374 74 -298
1374 74 -297
1375 74 -304
1375 74 -303
1375 74 -302
1375 74 -301
1375 74 -300
1376 74 -308
1376 74 -307
1376 74 -306
1376 74 -305
1376 74 -304
1377 74 -313
1377 74 -312
1377 74 -311
1377 74 -310
1377 74 -309
1377 74 -308
1378 74 -319
1378 74 -318
1378 74 -317
1378 74 -316
1378 74 -315
1378 74 -314
1378 74 -313
1379 74 -328
1379 74 -327
1379 74 -326
1379 74 -325
1379 74 -324
1379 74 -323
1379 74 -322
1379 74 -321
1379 74 -320
1379 74 -319
1380 74 -339
1380 74 -338
1380 74 -337
1380 74 -336
1380 74 -335
1380 74 -334
1380 74 -333
1380 74 -332
1380 74 -331
1380 74 -330
1380 74 -329
1380 74 -328
