-1 0 -1
-1 0 0
-1 0 1
-1 0 2
-1 0 3
-1 0 4
-1 0 5
-1 0 6
-1 0 7
-1 0 8
-1 0 9
-1 0 10
-1 0 11
-1 0 12
-1 0 13
-1 0 14
0 0 -1
0 0 0
0 0 1
0 0 2
0 0 3
0 0 4
0 0 5
0 0 6
0 0 7
0 0 8
0 0 9
0 0 10
0 0 11
0 0 12
0 0 13
0 0 14
0 0 15
0 0 16
0 0 17
0 0 18
0 0 19
0 0 20
0 0 21
0 0 22
0 0 23
1 0 -1
1 0 0
1 0 1
1 0 2
1 0 3
1 0 4
1 0 5
1 0 6
1 0 7
1 0 8
1 0 9
1 0 10
1 0 11
1 0 12
1 0 13
1 0 14
1 0 15
1 0 16
1 0 17
1 0 18
1 0 19
1 0 20
1 0 21
1 0 22
1 0 23
1 0 24
1 0 25
1 0 26
1 0 27
1 0 28
1 0 29
2 0 12
2 0 13
2 0 14
2 0 15
2 0 16
2 0 17
2 0 18
2 0 19
2 0 20
2 0 21
2 0 22
2 0 23
2 0 24
2 0 25
2 0 26
2 0 27
2 0 28
2 0 29
2 0 30
2 0 31
2 0 32
2 0 33
2 0 34
3 0 21
3 0 22
3 0 23
3 0 24
3 0 25
3 0 26
3 0 27
3 0 28
3 0 29
3 0 30
3 0 31
3 0 32
3 0 33
3 0 34
3 0 35
3 0 36
3 0 37
3 0 38
4 0 27
4 0 28
4 0 29
4 0 30
4 0 31
4 0 32
4 0 33
4 0 34
4 0 35
4 0 36
4 0 37
4 0 38
4 0 39
4 0 40
4 0 41
5 0 32
5 0 33
5 0 34
5 0 35
5 0 36
5 0 37
5 0 38
5 0 39
5 0 40
5 0 41
5 0 42
5 0 43
5 0 44
6 0 36
6 0 37
6 0 38
6 0 39
6 0 40
6 0 41
6 0 42
6 0 43
6 0 44
6 0 45
6 0 46
6 0 47
7 0 39
7 0 40
7 0 41
7 0 42
7 0 43
7 0 44
7 0 45
7 0 46
7 0 47
7 0 48
7 0 49
8 0 42
8 0 43
8 0 44
8 0 45
8 0 46
8 0 47
8 0 48
8 0 49
8 0 50
8 0 51
8 0 52
9 0 45
9 0 46
9 0 47
9 0 48
9 0 49
9 0 50
9 0 51
9 0 52
9 0 53
10 0 47
10 0 48
10 0 49
10 0 50
10 0 51
10 0 52
10 0 53
10 0 54
10 0 55
11 0 50
11 0 51
11 0 52
11 0 53
11 0 54
11 0 55
11 0 56
11 0 57
12 0 51
12 0 52
12 0 53
12 0 54
12 0 55
12 0 56
12 0 57
12 0 58
13 0 53
13 0 54
13 0 55
13 0 56
13 0 57
13 0 58
13 0 59
13 0 60
14 0 55
14 0 56
14 0 57
14 0 58
14 0 59
14 0 60
14 0 61
15 0 56
15 0 57
15 0 58
15 0 59
15 0 60
15 0 61
15 0 62
16 0 58
16 0 59
16 0 60
16 0 61
16 0 62
16 0 63
17 0 59
17 0 60
17 0 61
17 0 62
17 0 63
17 0 64
18 0 60
18 0 61
18 0 62
18 0 63
18 0 64
18 0 65
19 0 61
19 0 62
19 0 63
19 0 64
19 0 65
19 0 66
20 0 62
20 0 63
20 0 64
20 0 65
20 0 66
20 0 67
21 0 63
21 0 64
21 0 65
21 0 66
21 0 67
22 0 64
22 0 65
22 0 66
22 0 67
22 0 68
23 0 65
23 0 66
23 0 67
23 0 68
24 0 65
24 0 66
24 0 67
24 0 68
24 0 69
25 0 66
25 0 67
25 0 68
25 0 69
25 0 70
26 0 66
26 0 67
26 0 68
26 0 69
26 0 70
27 0 67
27 0 68
27 0 69
27 0 70
28 0 68
28 0 69
28 0 70
28 0 71
29 0 68
29 0 69
29 0 70
29 0 71
30 0 68
30 0 69
30 0 70
30 0 71
31 0 69
31 0 70
31 0 71
31 0 72
32 0 69
32 0 70
32 0 71
32 0 72
33 0 69
33 0 70
33 0 71
33 0 72
33 0 73
34 0 70
34 0 71
34 0 72
34 0 73
35 0 70
35 0 71
35 0 72
35 0 73
36 0 71
36 0 72
36 0 73
36 0 74
37 0 71
37 0 72
37 0 73
37 0 74
38 0 71
38 0 72
38 0 73
38 0 74
38 0 75
39 0 72
39 0 73
39 0 74
39 0 75
40 0 72
40 0 73
40 0 74
40 0 75
41 0 73
41 0 74
41 0 75
41 0 76
42 0 73
42 0 74
42 0 75
42 0 76
43 0 73
43 0 74
43 0 75
43 0 76
43 0 77
44 0 74
44 0 75
44 0 76
44 0 77
45 0 74
45 0 75
45 0 76
45 0 77
45 0 78
46 0 75
46 0 76
46 0 77
46 0 78
46 0 79
47 0 75
47 0 76
47 0 77
47 0 78
47 0 79
48 0 76
48 0 77
48 0 78
48 0 79
48 0 80
49 0 77
49 0 78
49 0 79
49 0 80
50 0 77
50 0 78
50 0 79
50 0 80
50 0 81
51 0 78
51 0 79
51 0 80
51 0 81
52 0 78
52 0 79
52 0 80
52 0 81
52 0 82
53 0 79
53 0 80
53 0 81
53 0 82
54 0 79
54 0 80
54 0 81
54 0 82
54 0 83
55 0 80
55 0 81
55 0 82
55 0 83
55 0 84
56 0 80
56 0 81
56 0 82
56 0 83
56 0 84
57 0 81
57 0 82
57 0 83
57 0 84
57 0 85
58 0 82
58 0 83
58 0 84
58 0 85
58 0 86
59 0 82
59 0 83
59 0 84
59 0 85
59 0 86
60 0 83
60 0 84
60 0 85
60 0 86
60 0 87
61 0 84
61 0 85
61 0 86
61 0 87
62 0 84
62 0 85
62 0 86
62 0 87
62 0 88
63 0 85
63 0 86
63 0 87
63 0 88
64 0 85
64 0 86
64 0 87
64 0 88
64 0 89
65 0 86
65 0 87
65 0 88
65 0 89
65 0 90
66 0 86
66 0 87
66 0 88
66 0 89
66 0 90
67 0 87
67 0 88
67 0 89
67 0 90
67 0 91
68 0 88
68 0 89
68 0 90
68 0 91
69 0 88
69 0 89
69 0 90
69 0 91
69 0 92
70 0 89
70 0 90
70 0 91
70 0 92
71 0 89
71 0 90
71 0 91
71 0 92
71 0 93
72 0 90
72 0 91
72 0 92
72 0 93
73 0 90
73 0 91
73 0 92
73 0 93
73 0 94
74 0 91
74 0 92
74 0 93
74 0 94
74 0 95
75 0 91
75 0 92
75 0 93
75 0 94
75 0 95
76 0 92
76 0 93
76 0 94
76 0 95
77 0 93
77 0 94
77 0 95
77 0 96
78 0 93
78 0 94
78 0 95
78 0 96
79 0 93
79 0 94
79 0 95
79 0 96
79 0 97
80 0 94
80 0 95
80 0 96
80 0 97
81 0 94
81 0 95
81 0 96
81 0 97
82 0 95
82 0 96
82 0 97
82 0 98
83 0 95
83 0 96
83 0 97
83 0 98
84 0 95
84 0 96
84 0 97
84 0 98
84 0 99
85 0 96
85 0 97
85 0 98
85 0 99
86 0 96
86 0 97
86 0 98
86 0 99
87 0 97
87 0 98
87 0 99
88 0 97
88 0 98
88 0 99
88 0 100
89 0 97
89 0 98
89 0 99
89 0 100
90 0 97
90 0 98
90 0 99
90 0 100
91 0 98
91 0 99
91 0 100
92 0 98
92 0 99
92 0 100
92 0 101
93 0 98
93 0 99
93 0 100
93 0 101
94 0 98
94 0 99
94 0 100
94 0 101
95 0 99
95 0 100
95 0 101
96 0 99
96 0 100
96 0 101
97 0 99
97 0 100
97 0 101
98 0 99
98 0 100
98 0 101
99 0 99
99 0 100
99 0 101
100 0 99
100 0 100
100 0 101
101 0 99
101 0 100
101 0 101
