1819 78 2140
1819 78 2141
1819 78 2142
1819 78 2143
1819 78 2144
1819 78 2145
1819 78 2146
1819 78 2147
1819 78 2148
1819 78 2149
1819 78 2150
1819 78 2151
1819 78 2152
1819 78 2153
1819 78 2154
1819 78 2155
1819 78 2156
1820 78 2140
1820 78 2141
1820 78 2142
1820 78 2143
1820 78 2144
1820 78 2145
1820 78 2146
1820 78 2147
1820 78 2148
1820 78 2149
1820 78 2150
1820 78 2151
1820 78 2152
1820 78 2153
1820 78 2154
1820 78 2155
1820 78 2156
1820 78 2157
1820 78 2158
1820 78 2159
1820 78 2160
1820 78 2161
1820 78 2162
1820 78 2163
1820 78 2164
1821 78 2140
1821 78 2141
1821 78 2142
1821 78 2143
1821 78 2144
1821 78 2145
1821 78 2146
1821 78 2147
1821 78 2148
1821 78 2149
1821 78 2150
1821 78 2151
1821 78 2152
1821 78 2153
1821 78 2154
1821 78 2155
1821 78 2156
1821 78 2157
1821 78 2158
1821 78 2159
1821 78 2160
1821 78 2161
1821 78 2162
1821 78 2163
1821 78 2164
1821 78 2165
1821 78 2166
1821 78 2167
1821 78 2168
1821 78 2169
1821 78 2170
1822 78 2140
1822 78 2141
1822 78 2142
1822 78 2143
1822 78 2144
1822 78 2145
1822 78 2146
1822 78 2147
1822 78 2148
1822 78 2149
1822 78 2150
1822 78 2151
1822 78 2152
1822 78 2153
1822 78 2154
1822 78 2155
1822 78 2156
1822 78 2157
1822 78 2158
1822 78 2159
1822 78 2160
1822 78 2161
1822 78 2162
1822 78 2163
1822 78 2164
1822 78 2165
1822 78 2166
1822 78 2167
1822 78 2168
1822 78 2169
1822 78 2170
1822 78 2171
1822 78 2172
1822 78 2173
1822 78 2174
1823 78 2140
1823 78 2141
1823 78 2142
1823 78 2143
1823 78 2144
1823 78 2145
1823 78 2146
1823 78 2147
1823 78 2148
1823 78 2149
1823 78 2150
1823 78 2151
1823 78 2152
1823 78 2153
1823 78 2154
1823 78 2155
1823 78 2156
1823 78 2157
1823 78 2158
1823 78 2159
1823 78 2160
1823 78 2161
1823 78 2162
1823 78 2163
1823 78 2164
1823 78 2165
1823 78 2166
1823 78 2167
1823 78 2168
1823 78 2169
1823 78 2170
1823 78 2171
1823 78 2172
1823 78 2173
1823 78 2174
1823 78 2175
1823 78 2176
1823 78 2177
1824 78 2140
1824 78 2141
1824 78 2142
1824 78 2143
1824 78 2144
1824 78 2145
1824 78 2146
1824 78 2147
1824 78 2148
1824 78 2149
1824 78 2150
1824 78 2151
1824 78 2152
1824 78 2153
1824 78 2154
1824 78 2155
1824 78 2156
1824 78 2157
1824 78 2158
1824 78 2159
1824 78 2160
1824 78 2161
1824 78 2162
1824 78 2163
1824 78 2164
1824 78 2165
1824 78 2166
1824 78 2167
1824 78 2168
1824 78 2169
1824 78 2170
1824 78 2171
1824 78 2172
1824 78 2173
1824 78 2174
1824 78 2175
1824 78 2176
1824 78 2177
1824 78 2178
1824 78 2179
1824 78 2180
1825 78 2140
1825 78 2141
1825 78 2142
1825 78 2143
1825 78 2144
1825 78 2145
1825 78 2146
1825 78 2147
1825 78 2148
1825 78 2149
1825 78 2150
1825 78 2151
1825 78 2152
1825 78 2153
1825 78 2154
1825 78 2155
1825 78 2156
1825 78 2157
1825 78 2158
1825 78 2159
1825 78 2160
1825 78 2161
1825 78 2162
1825 78 2163
1825 78 2164
1825 78 2165
1825 78 2166
1825 78 2167
1825 78 2168
1825 78 2169
1825 78 2170
1825 78 2171
1825 78 2172
1825 78 2173
1825 78 2174
1825 78 2175
1825 78 2176
1825 78 2177
1825 78 2178
1825 78 2179
1825 78 2180
1825 78 2181
1825 78 2182
1825 78 2183
1826 78 2150
1826 78 2151
1826 78 2152
1826 78 2153
1826 78 2154
1826 78 2155
1826 78 2156
1826 78 2157
1826 78 2158
1826 78 2159
1826 78 2160
1826 78 2161
1826 78 2162
1826 78 2163
1826 78 2164
1826 78 2165
1826 78 2166
1826 78 2167
1826 78 2168
1826 78 2169
1826 78 2170
1826 78 2171
1826 78 2172
1826 78 2173
1826 78 2174
1826 78 2175
1826 78 2176
1826 78 2177
1826 78 2178
1826 78 2179
1826 78 2180
1826 78 2181
1826 78 2182
1826 78 2183
1826 78 2184
1826 78 2185
1826 78 2186
1827 78 2158
1827 78 2159
1827 78 2160
1827 78 2161
1827 78 2162
1827 78 2163
1827 78 2164
1827 78 2165
1827 78 2166
1827 78 2167
1827 78 2168
1827 78 2169
1827 78 2170
1827 78 2171
1827 78 2172
1827 78 2173
1827 78 2174
1827 78 2175
1827 78 2176
1827 78 2177
1827 78 2178
1827 78 2179
1827 78 2180
1827 78 2181
1827 78 2182
1827 78 2183
1827 78 2184
1827 78 2185
1827 78 2186
1827 78 2187
1827 78 2188
1827 78 2189
1828 78 2164
1828 78 2165
1828 78 2166
1828 78 2167
1828 78 2168
1828 78 2169
1828 78 2170
1828 78 2171
1828 78 2172
1828 78 2173
1828 78 2174
1828 78 2175
1828 78 2176
1828 78 2177
1828 78 2178
1828 78 2179
1828 78 2180
1828 78 2181
1828 78 2182
1828 78 2183
1828 78 2184
1828 78 2185
1828 78 2186
1828 78 2187
1828 78 2188
1828 78 2189
1828 78 2190
1828 78 2191
1829 78 2168
1829 78 2169
1829 78 2170
1829 78 2171
1829 78 2172
1829 78 2173
1829 78 2174
1829 78 2175
1829 78 2176
1829 78 2177
1829 78 2178
1829 78 2179
1829 78 2180
1829 78 2181
1829 78 2182
1829 78 2183
1829 78 2184
1829 78 2185
1829 78 2186
1829 78 2187
1829 78 2188
1829 78 2189
1829 78 2190
1829 78 2191
1829 78 2192
1829 78 2193
1830 78 2171
1830 78 2172
1830 78 2173
1830 78 2174
1830 78 2175
1830 78 2176
1830 78 2177
1830 78 2178
1830 78 2179
1830 78 2180
1830 78 2181
1830 78 2182
1830 78 2183
1830 78 2184
1830 78 2185
1830 78 2186
1830 78 2187
1830 78 2188
1830 78 2189
1830 78 2190
1830 78 2191
1830 78 2192
1830 78 2193
1830 78 2194
1830 78 2195
1831 78 2174
1831 78 2175
1831 78 2176
1831 78 2177
1831 78 2178
1831 78 2179
1831 78 2180
1831 78 2181
1831 78 2182
1831 78 2183
1831 78 2184
1831 78 2185
1831 78 2186
1831 78 2187
1831 78 2188
1831 78 2189
1831 78 2190
1831 78 2191
1831 78 2192
1831 78 2193
1831 78 2194
1831 78 2195
1831 78 2196
1831 78 2197
1832 78 2177
1832 78 2178
1832 78 2179
1832 78 2180
1832 78 2181
1832 78 2182
1832 78 2183
1832 78 2184
1832 78 2185
1832 78 2186
1832 78 2187
1832 78 2188
1832 78 2189
1832 78 2190
1832 78 2191
1832 78 2192
1832 78 2193
1832 78 2194
1832 78 2195
1832 78 2196
1832 78 2197
1832 78 2198
1833 78 2180
1833 78 2181
1833 78 2182
1833 78 2183
1833 78 2184
1833 78 2185
1833 78 2186
1833 78 2187
1833 78 2188
1833 78 2189
1833 78 2190
1833 78 2191
1833 78 2192
1833 78 2193
1833 78 2194
1833 78 2195
1833 78 2196
1833 78 2197
1833 78 2198
1833 78 2199
1833 78 2200
1833 78 2201
1834 78 2183
1834 78 2184
1834 78 2185
1834 78 2186
1834 78 2187
1834 78 2188
1834 78 2189
1834 78 2190
1834 78 2191
1834 78 2192
1834 78 2193
1834 78 2194
1834 78 2195
1834 78 2196
1834 78 2197
1834 78 2198
1834 78 2199
1834 78 2200
1834 78 2201
1834 78 2202
1835 78 2185
1835 78 2186
1835 78 2187
1835 78 2188
1835 78 2189
1835 78 2190
1835 78 2191
1835 78 2192
1835 78 2193
1835 78 2194
1835 78 2195
1835 78 2196
1835 78 2197
1835 78 2198
1835 78 2199
1835 78 2200
1835 78 2201
1835 78 2202
1835 78 2203
1835 78 2204
1836 78 2187
1836 78 2188
1836 78 2189
1836 78 2190
1836 78 2191
1836 78 2192
1836 78 2193
1836 78 2194
1836 78 2195
1836 78 2196
1836 78 2197
1836 78 2198
1836 78 2199
1836 78 2200
1836 78 2201
1836 78 2202
1836 78 2203
1836 78 2204
1836 78 2205
1837 78 2189
1837 78 2190
1837 78 2191
1837 78 2192
1837 78 2193
1837 78 2194
1837 78 2195
1837 78 2196
1837 78 2197
1837 78 2198
1837 78 2199
1837 78 2200
1837 78 2201
1837 78 2202
1837 78 2203
1837 78 2204
1837 78 2205
1837 78 2206
1837 78 2207
1838 78 2191
1838 78 2192
1838 78 2193
1838 78 2194
1838 78 2195
1838 78 2196
1838 78 2197
1838 78 2198
1838 78 2199
1838 78 2200
1838 78 2201
1838 78 2202
1838 78 2203
1838 78 2204
1838 78 2205
1838 78 2206
1838 78 2207
1838 78 2208
1839 78 2192
1839 78 2193
1839 78 2194
1839 78 2195
1839 78 2196
1839 78 2197
1839 78 2198
1839 78 2199
1839 78 2200
1839 78 2201
1839 78 2202
1839 78 2203
1839 78 2204
1839 78 2205
1839 78 2206
1839 78 2207
1839 78 2208
1839 78 2209
1839 78 2210
1840 78 2195
1840 78 2196
1840 78 2197
1840 78 2198
1840 78 2199
1840 78 2200
1840 78 2201
1840 78 2202
1840 78 2203
1840 78 2204
1840 78 2205
1840 78 2206
1840 78 2207
1840 78 2208
1840 78 2209
1840 78 2210
1840 78 2211
1841 78 2196
1841 78 2197
1841 78 2198
1841 78 2199
1841 78 2200
1841 78 2201
1841 78 2202
1841 78 2203
1841 78 2204
1841 78 2205
1841 78 2206
1841 78 2207
1841 78 2208
1841 78 2209
1841 78 2210
1841 78 2211
1841 78 2212
1841 78 2213
1842 78 2198
1842 78 2199
1842 78 2200
1842 78 2201
1842 78 2202
1842 78 2203
1842 78 2204
1842 78 2205
1842 78 2206
1842 78 2207
1842 78 2208
1842 78 2209
1842 78 2210
1842 78 2211
1842 78 2212
1842 78 2213
1842 78 2214
1843 78 2199
1843 78 2200
1843 78 2201
1843 78 2202
1843 78 2203
1843 78 2204
1843 78 2205
1843 78 2206
1843 78 2207
1843 78 2208
1843 78 2209
1843 78 2210
1843 78 2211
1843 78 2212
1843 78 2213
1843 78 2214
1843 78 2215
1844 78 2201
1844 78 2202
1844 78 2203
1844 78 2204
1844 78 2205
1844 78 2206
1844 78 2207
1844 78 2208
1844 78 2209
1844 78 2210
1844 78 2211
1844 78 2212
1844 78 2213
1844 78 2214
1844 78 2215
1844 78 2216
1844 78 2217
1845 78 2202
1845 78 2203
1845 78 2204
1845 78 2205
1845 78 2206
1845 78 2207
1845 78 2208
1845 78 2209
1845 78 2210
1845 78 2211
1845 78 2212
1845 78 2213
1845 78 2214
1845 78 2215
1845 78 2216
1845 78 2217
1845 78 2218
1846 78 2204
1846 78 2205
1846 78 2206
1846 78 2207
1846 78 2208
1846 78 2209
1846 78 2210
1846 78 2211
1846 78 2212
1846 78 2213
1846 78 2214
1846 78 2215
1846 78 2216
1846 78 2217
1846 78 2218
1846 78 2219
1847 78 2205
1847 78 2206
1847 78 2207
1847 78 2208
1847 78 2209
1847 78 2210
1847 78 2211
1847 78 2212
1847 78 2213
1847 78 2214
1847 78 2215
1847 78 2216
1847 78 2217
1847 78 2218
1847 78 2219
1847 78 2220
1848 78 2207
1848 78 2208
1848 78 2209
1848 78 2210
1848 78 2211
1848 78 2212
1848 78 2213
1848 78 2214
1848 78 2215
1848 78 2216
1848 78 2217
1848 78 2218
1848 78 2219
1848 78 2220
1848 78 2221
1848 78 2222
1849 78 2208
1849 78 2209
1849 78 2210
1849 78 2211
1849 78 2212
1849 78 2213
1849 78 2214
1849 78 2215
1849 78 2216
1849 78 2217
1849 78 2218
1849 78 2219
1849 78 2220
1849 78 2221
1849 78 2222
1850 78 2209
1850 78 2210
1850 78 2211
1850 78 2212
1850 78 2213
1850 78 2214
1850 78 2215
1850 78 2216
1850 78 2217
1850 78 2218
1850 78 2219
1850 78 2220
1850 78 2221
1850 78 2222
1850 78 2223
1851 78 2211
1851 78 2212
1851 78 2213
1851 78 2214
1851 78 2215
1851 78 2216
1851 78 2217
1851 78 2218
1851 78 2219
1851 78 2220
1851 78 2221
1851 78 2222
1851 78 2223
1851 78 2224
1851 78 2225
1852 78 2212
1852 78 2213
1852 78 2214
1852 78 2215
1852 78 2216
1852 78 2217
1852 78 2218
1852 78 2219
1852 78 2220
1852 78 2221
1852 78 2222
1852 78 2223
1852 78 2224
1852 78 2225
1852 78 2226
1853 78 2213
1853 78 2214
1853 78 2215
1853 78 2216
1853 78 2217
1853 78 2218
1853 78 2219
1853 78 2220
1853 78 2221
1853 78 2222
1853 78 2223
1853 78 2224
1853 78 2225
1853 78 2226
1853 78 2227
1854 78 2214
1854 78 2215
1854 78 2216
1854 78 2217
1854 78 2218
1854 78 2219
1854 78 2220
1854 78 2221
1854 78 2222
1854 78 2223
1854 78 2224
1854 78 2225
1854 78 2226
1854 78 2227
1854 78 2228
1855 78 2216
1855 78 2217
1855 78 2218
1855 78 2219
1855 78 2220
1855 78 2221
1855 78 2222
1855 78 2223
1855 78 2224
1855 78 2225
1855 78 2226
1855 78 2227
1855 78 2228
1855 78 2229
1856 78 2216
1856 78 2217
1856 78 2218
1856 78 2219
1856 78 2220
1856 78 2221
1856 78 2222
1856 78 2223
1856 78 2224
1856 78 2225
1856 78 2226
1856 78 2227
1856 78 2228
1856 78 2229
1856 78 2230
1857 78 2217
1857 78 2218
1857 78 2219
1857 78 2220
1857 78 2221
1857 78 2222
1857 78 2223
1857 78 2224
1857 78 2225
1857 78 2226
1857 78 2227
1857 78 2228
1857 78 2229
1857 78 2230
1857 78 2231
1858 78 2219
1858 78 2220
1858 78 2221
1858 78 2222
1858 78 2223
1858 78 2224
1858 78 2225
1858 78 2226
1858 78 2227
1858 78 2228
1858 78 2229
1858 78 2230
1858 78 2231
1858 78 2232
1859 78 2220
1859 78 2221
1859 78 2222
1859 78 2223
1859 78 2224
1859 78 2225
1859 78 2226
1859 78 2227
1859 78 2228
1859 78 2229
1859 78 2230
1859 78 2231
1859 78 2232
1859 78 2233
1860 78 2221
1860 78 2222
1860 78 2223
1860 78 2224
1860 78 2225
1860 78 2226
1860 78 2227
1860 78 2228
1860 78 2229
1860 78 2230
1860 78 2231
1860 78 2232
1860 78 2233
1861 78 2222
1861 78 2223
1861 78 2224
1861 78 2225
1861 78 2226
1861 78 2227
1861 78 2228
1861 78 2229
1861 78 2230
1861 78 2231
1861 78 2232
1861 78 2233
1861 78 2234
1861 78 2235
1862 78 2223
1862 78 2224
1862 78 2225
1862 78 2226
1862 78 2227
1862 78 2228
1862 78 2229
1862 78 2230
1862 78 2231
1862 78 2232
1862 78 2233
1862 78 2234
1862 78 2235
1862 78 2236
1863 78 2224
1863 78 2225
1863 78 2226
1863 78 2227
1863 78 2228
1863 78 2229
1863 78 2230
1863 78 2231
1863 78 2232
1863 78 2233
1863 78 2234
1863 78 2235
1863 78 2236
1863 78 2237
1864 78 2225
1864 78 2226
1864 78 2227
1864 78 2228
1864 78 2229
1864 78 2230
1864 78 2231
1864 78 2232
1864 78 2233
1864 78 2234
1864 78 2235
1864 78 2236
1864 78 2237
1865 78 2226
1865 78 2227
1865 78 2228
1865 78 2229
1865 78 2230
1865 78 2231
1865 78 2232
1865 78 2233
1865 78 2234
1865 78 2235
1865 78 2236
1865 78 2237
1865 78 2238
1866 78 2227
1866 78 2228
1866 78 2229
1866 78 2230
1866 78 2231
1866 78 2232
1866 78 2233
1866 78 2234
1866 78 2235
1866 78 2236
1866 78 2237
1866 78 2238
1866 78 2239
1867 78 2227
1867 78 2228
1867 78 2229
1867 78 2230
1867 78 2231
1867 78 2232
1867 78 2233
1867 78 2234
1867 78 2235
1867 78 2236
1867 78 2237
1867 78 2238
1867 78 2239
1867 78 2240
1868 78 2229
1868 78 2230
1868 78 2231
1868 78 2232
1868 78 2233
1868 78 2234
1868 78 2235
1868 78 2236
1868 78 2237
1868 78 2238
1868 78 2239
1868 78 2240
1868 78 2241
1869 78 2230
1869 78 2231
1869 78 2232
1869 78 2233
1869 78 2234
1869 78 2235
1869 78 2236
1869 78 2237
1869 78 2238
1869 78 2239
1869 78 2240
1869 78 2241
1869 78 2242
1870 78 2231
1870 78 2232
1870 78 2233
1870 78 2234
1870 78 2235
1870 78 2236
1870 78 2237
1870 78 2238
1870 78 2239
1870 78 2240
1870 78 2241
1870 78 2242
1871 78 2231
1871 78 2232
1871 78 2233
1871 78 2234
1871 78 2235
1871 78 2236
1871 78 2237
1871 78 2238
1871 78 2239
1871 78 2240
1871 78 2241
1871 78 2242
1871 78 2243
1872 78 2232
1872 78 2233
1872 78 2234
1872 78 2235
1872 78 2236
1872 78 2237
1872 78 2238
1872 78 2239
1872 78 2240
1872 78 2241
1872 78 2242
1872 78 2243
1872 78 2244
1873 78 2233
1873 78 2234
1873 78 2235
1873 78 2236
1873 78 2237
1873 78 2238
1873 78 2239
1873 78 2240
1873 78 2241
1873 78 2242
1873 78 2243
1873 78 2244
1873 78 2245
1874 78 2234
1874 78 2235
1874 78 2236
1874 78 2237
1874 78 2238
1874 78 2239
1874 78 2240
1874 78 2241
1874 78 2242
1874 78 2243
1874 78 2244
1874 78 2245
1875 78 2235
1875 78 2236
1875 78 2237
1875 78 2238
1875 78 2239
1875 78 2240
1875 78 2241
1875 78 2242
1875 78 2243
1875 78 2244
1875 78 2245
1875 78 2246
1876 78 2236
1876 78 2237
1876 78 2238
1876 78 2239
1876 78 2240
1876 78 2241
1876 78 2242
1876 78 2243
1876 78 2244
1876 78 2245
1876 78 2246
1876 78 2247
1877 78 2236
1877 78 2237
1877 78 2238
1877 78 2239
1877 78 2240
1877 78 2241
1877 78 2242
1877 78 2243
1877 78 2244
1877 78 2245
1877 78 2246
1877 78 2247
1877 78 2248
1878 78 2237
1878 78 2238
1878 78 2239
1878 78 2240
1878 78 2241
1878 78 2242
1878 78 2243
1878 78 2244
1878 78 2245
1878 78 2246
1878 78 2247
1878 78 2248
1879 78 2238
1879 78 2239
1879 78 2240
1879 78 2241
1879 78 2242
1879 78 2243
1879 78 2244
1879 78 2245
1879 78 2246
1879 78 2247
1879 78 2248
1879 78 2249
1880 78 2239
1880 78 2240
1880 78 2241
1880 78 2242
1880 78 2243
1880 78 2244
1880 78 2245
1880 78 2246
1880 78 2247
1880 78 2248
1880 78 2249
1880 78 2250
1881 78 2239
1881 78 2240
1881 78 2241
1881 78 2242
1881 78 2243
1881 78 2244
1881 78 2245
1881 78 2246
1881 78 2247
1881 78 2248
1881 78 2249
1881 78 2250
1881 78 2251
1882 78 2240
1882 78 2241
1882 78 2242
1882 78 2243
1882 78 2244
1882 78 2245
1882 78 2246
1882 78 2247
1882 78 2248
1882 78 2249
1882 78 2250
1882 78 2251
1882 78 2252
1883 78 2241
1883 78 2242
1883 78 2243
1883 78 2244
1883 78 2245
1883 78 2246
1883 78 2247
1883 78 2248
1883 78 2249
1883 78 2250
1883 78 2251
1883 78 2252
1884 78 2242
1884 78 2243
1884 78 2244
1884 78 2245
1884 78 2246
1884 78 2247
1884 78 2248
1884 78 2249
1884 78 2250
1884 78 2251
1884 78 2252
1884 78 2253
1885 78 2242
1885 78 2243
1885 78 2244
1885 78 2245
1885 78 2246
1885 78 2247
1885 78 2248
1885 78 2249
1885 78 2250
1885 78 2251
1885 78 2252
1885 78 2253
1885 78 2254
1886 78 2243
1886 78 2244
1886 78 2245
1886 78 2246
1886 78 2247
1886 78 2248
1886 78 2249
1886 78 2250
1886 78 2251
1886 78 2252
1886 78 2253
1886 78 2254
1887 78 2244
1887 78 2245
1887 78 2246
1887 78 2247
1887 78 2248
1887 78 2249
1887 78 2250
1887 78 2251
1887 78 2252
1887 78 2253
1887 78 2254
1887 78 2255
1888 78 2245
1888 78 2246
1888 78 2247
1888 78 2248
1888 78 2249
1888 78 2250
1888 78 2251
1888 78 2252
1888 78 2253
1888 78 2254
1888 78 2255
1888 78 2256
1889 78 2246
1889 78 2247
1889 78 2248
1889 78 2249
1889 78 2250
1889 78 2251
1889 78 2252
1889 78 2253
1889 78 2254
1889 78 2255
1889 78 2256
1890 78 2246
1890 78 2247
1890 78 2248
1890 78 2249
1890 78 2250
1890 78 2251
1890 78 2252
1890 78 2253
1890 78 2254
1890 78 2255
1890 78 2256
1890 78 2257
1891 78 2247
1891 78 2248
1891 78 2249
1891 78 2250
1891 78 2251
1891 78 2252
1891 78 2253
1891 78 2254
1891 78 2255
1891 78 2256
1891 78 2257
1891 78 2258
1892 78 2248
1892 78 2249
1892 78 2250
1892 78 2251
1892 78 2252
1892 78 2253
1892 78 2254
1892 78 2255
1892 78 2256
1892 78 2257
1892 78 2258
1893 78 2248
1893 78 2249
1893 78 2250
1893 78 2251
1893 78 2252
1893 78 2253
1893 78 2254
1893 78 2255
1893 78 2256
1893 78 2257
1893 78 2258
1893 78 2259
1894 78 2249
1894 78 2250
1894 78 2251
1894 78 2252
1894 78 2253
1894 78 2254
1894 78 2255
1894 78 2256
1894 78 2257
1894 78 2258
1894 78 2259
1894 78 2260
1895 78 2250
1895 78 2251
1895 78 2252
1895 78 2253
1895 78 2254
1895 78 2255
1895 78 2256
1895 78 2257
1895 78 2258
1895 78 2259
1895 78 2260
1896 78 2250
1896 78 2251
1896 78 2252
1896 78 2253
1896 78 2254
1896 78 2255
1896 78 2256
1896 78 2257
1896 78 2258
1896 78 2259
1896 78 2260
1896 78 2261
1897 78 2251
1897 78 2252
1897 78 2253
1897 78 2254
1897 78 2255
1897 78 2256
1897 78 2257
1897 78 2258
1897 78 2259
1897 78 2260
1897 78 2261
1898 78 2252
1898 78 2253
1898 78 2254
1898 78 2255
1898 78 2256
1898 78 2257
1898 78 2258
1898 78 2259
1898 78 2260
1898 78 2261
1898 78 2262
1899 78 2252
1899 78 2253
1899 78 2254
1899 78 2255
1899 78 2256
1899 78 2257
1899 78 2258
1899 78 2259
1899 78 2260
1899 78 2261
1899 78 2262
1899 78 2263
1900 78 2253
1900 78 2254
1900 78 2255
1900 78 2256
1900 78 2257
1900 78 2258
1900 78 2259
1900 78 2260
1900 78 2261
1900 78 2262
1900 78 2263
1901 78 2254
1901 78 2255
1901 78 2256
1901 78 2257
1901 78 2258
1901 78 2259
1901 78 2260
1901 78 2261
1901 78 2262
1901 78 2263
1901 78 2264
1902 78 2254
1902 78 2255
1902 78 2256
1902 78 2257
1902 78 2258
1902 78 2259
1902 78 2260
1902 78 2261
1902 78 2262
1902 78 2263
1902 78 2264
1903 78 2255
1903 78 2256
1903 78 2257
1903 78 2258
1903 78 2259
1903 78 2260
1903 78 2261
1903 78 2262
1903 78 2263
1903 78 2264
1903 78 2265
1904 78 2255
1904 78 2256
1904 78 2257
1904 78 2258
1904 78 2259
1904 78 2260
1904 78 2261
1904 78 2262
1904 78 2263
1904 78 2264
1904 78 2265
1904 78 2266
1905 78 2256
1905 78 2257
1905 78 2258
1905 78 2259
1905 78 2260
1905 78 2261
1905 78 2262
1905 78 2263
1905 78 2264
1905 78 2265
1905 78 2266
1906 78 2257
1906 78 2258
1906 78 2259
1906 78 2260
1906 78 2261
1906 78 2262
1906 78 2263
1906 78 2264
1906 78 2265
1906 78 2266
1906 78 2267
1907 78 2257
1907 78 2258
1907 78 2259
1907 78 2260
1907 78 2261
1907 78 2262
1907 78 2263
1907 78 2264
1907 78 2265
1907 78 2266
1907 78 2267
1908 78 2258
1908 78 2259
1908 78 2260
1908 78 2261
1908 78 2262
1908 78 2263
1908 78 2264
1908 78 2265
1908 78 2266
1908 78 2267
1908 78 2268
1909 78 2258
1909 78 2259
1909 78 2260
1909 78 2261
1909 78 2262
1909 78 2263
1909 78 2264
1909 78 2265
1909 78 2266
1909 78 2267
1909 78 2268
1909 78 2269
1910 78 2259
1910 78 2260
1910 78 2261
1910 78 2262
1910 78 2263
1910 78 2264
1910 78 2265
1910 78 2266
1910 78 2267
1910 78 2268
1910 78 2269
1911 78 2260
1911 78 2261
1911 78 2262
1911 78 2263
1911 78 2264
1911 78 2265
1911 78 2266
1911 78 2267
1911 78 2268
1911 78 2269
1911 78 2270
1912 78 2260
1912 78 2261
1912 78 2262
1912 78 2263
1912 78 2264
1912 78 2265
1912 78 2266
1912 78 2267
1912 78 2268
1912 78 2269
1912 78 2270
1913 78 2261
1913 78 2262
1913 78 2263
1913 78 2264
1913 78 2265
1913 78 2266
1913 78 2267
1913 78 2268
1913 78 2269
1913 78 2270
1913 78 2271
1914 78 2261
1914 78 2262
1914 78 2263
1914 78 2264
1914 78 2265
1914 78 2266
1914 78 2267
1914 78 2268
1914 78 2269
1914 78 2270
1914 78 2271
1915 78 2262
1915 78 2263
1915 78 2264
1915 78 2265
1915 78 2266
1915 78 2267
1915 78 2268
1915 78 2269
1915 78 2270
1915 78 2271
1915 78 2272
1916 78 2263
1916 78 2264
1916 78 2265
1916 78 2266
1916 78 2267
1916 78 2268
1916 78 2269
1916 78 2270
1916 78 2271
1916 78 2272
1916 78 2273
1917 78 2263
1917 78 2264
1917 78 2265
1917 78 2266
1917 78 2267
1917 78 2268
1917 78 2269
1917 78 2270
1917 78 2271
1917 78 2272
1917 78 2273
1918 78 2264
1918 78 2265
1918 78 2266
1918 78 2267
1918 78 2268
1918 78 2269
1918 78 2270
1918 78 2271
1918 78 2272
1918 78 2273
1918 78 2274
1919 78 2264
1919 78 2265
1919 78 2266
1919 78 2267
1919 78 2268
1919 78 2269
1919 78 2270
1919 78 2271
1919 78 2272
1919 78 2273
1919 78 2274
1920 78 2265
1920 78 2266
1920 78 2267
1920 78 2268
1920 78 2269
1920 78 2270
1920 78 2271
1920 78 2272
1920 78 2273
1920 78 2274
1920 78 2275
1921 78 2265
1921 78 2266
1921 78 2267
1921 78 2268
1921 78 2269
1921 78 2270
1921 78 2271
1921 78 2272
1921 78 2273
1921 78 2274
1921 78 2275
1922 78 2266
1922 78 2267
1922 78 2268
1922 78 2269
1922 78 2270
1922 78 2271
1922 78 2272
1922 78 2273
1922 78 2274
1922 78 2275
1922 78 2276
1923 78 2267
1923 78 2268
1923 78 2269
1923 78 2270
1923 78 2271
1923 78 2272
1923 78 2273
1923 78 2274
1923 78 2275
1923 78 2276
1924 78 2267
1924 78 2268
1924 78 2269
1924 78 2270
1924 78 2271
1924 78 2272
1924 78 2273
1924 78 2274
1924 78 2275
1924 78 2276
1924 78 2277
1925 78 2268
1925 78 2269
1925 78 2270
1925 78 2271
1925 78 2272
1925 78 2273
1925 78 2274
1925 78 2275
1925 78 2276
1925 78 2277
1925 78 2278
1926 78 2268
1926 78 2269
1926 78 2270
1926 78 2271
1926 78 2272
1926 78 2273
1926 78 2274
1926 78 2275
1926 78 2276
1926 78 2277
1926 78 2278
1927 78 2269
1927 78 2270
1927 78 2271
1927 78 2272
1927 78 2273
1927 78 2274
1927 78 2275
1927 78 2276
1927 78 2277
1927 78 2278
1927 78 2279
1928 78 2269
1928 78 2270
1928 78 2271
1928 78 2272
1928 78 2273
1928 78 2274
1928 78 2275
1928 78 2276
1928 78 2277
1928 78 2278
1928 78 2279
1929 78 2270
1929 78 2271
1929 78 2272
1929 78 2273
1929 78 2274
1929 78 2275
1929 78 2276
1929 78 2277
1929 78 2278
1929 78 2279
1930 78 2270
1930 78 2271
1930 78 2272
1930 78 2273
1930 78 2274
1930 78 2275
1930 78 2276
1930 78 2277
1930 78 2278
1930 78 2279
1930 78 2280
1931 78 2271
1931 78 2272
1931 78 2273
1931 78 2274
1931 78 2275
1931 78 2276
1931 78 2277
1931 78 2278
1931 78 2279
1931 78 2280
1932 78 2272
1932 78 2273
1932 78 2274
1932 78 2275
1932 78 2276
1932 78 2277
1932 78 2278
1932 78 2279
1932 78 2280
1932 78 2281
1933 78 2272
1933 78 2273
1933 78 2274
1933 78 2275
1933 78 2276
1933 78 2277
1933 78 2278
1933 78 2279
1933 78 2280
1933 78 2281
1934 78 2273
1934 78 2274
1934 78 2275
1934 78 2276
1934 78 2277
1934 78 2278
1934 78 2279
1934 78 2280
1934 78 2281
1934 78 2282
1935 78 2273
1935 78 2274
1935 78 2275
1935 78 2276
1935 78 2277
1935 78 2278
1935 78 2279
1935 78 2280
1935 78 2281
1935 78 2282
1936 78 2273
1936 78 2274
1936 78 2275
1936 78 2276
1936 78 2277
1936 78 2278
1936 78 2279
1936 78 2280
1936 78 2281
1936 78 2282
1936 78 2283
1937 78 2274
1937 78 2275
1937 78 2276
1937 78 2277
1937 78 2278
1937 78 2279
1937 78 2280
1937 78 2281
1937 78 2282
1937 78 2283
1938 78 2274
1938 78 2275
1938 78 2276
1938 78 2277
1938 78 2278
1938 78 2279
1938 78 2280
1938 78 2281
1938 78 2282
1938 78 2283
1938 78 2284
1939 78 2275
1939 78 2276
1939 78 2277
1939 78 2278
1939 78 2279
1939 78 2280
1939 78 2281
1939 78 2282
1939 78 2283
1939 78 2284
1940 78 2275
1940 78 2276
1940 78 2277
1940 78 2278
1940 78 2279
1940 78 2280
1940 78 2281
1940 78 2282
1940 78 2283
1940 78 2284
1940 78 2285
1941 78 2276
1941 78 2277
1941 78 2278
1941 78 2279
1941 78 2280
1941 78 2281
1941 78 2282
1941 78 2283
1941 78 2284
1941 78 2285
1942 78 2276
1942 78 2277
1942 78 2278
1942 78 2279
1942 78 2280
1942 78 2281
1942 78 2282
1942 78 2283
1942 78 2284
1942 78 2285
1942 78 2286
1943 78 2277
1943 78 2278
1943 78 2279
1943 78 2280
1943 78 2281
1943 78 2282
1943 78 2283
1943 78 2284
1943 78 2285
1943 78 2286
1944 78 2277
1944 78 2278
1944 78 2279
1944 78 2280
1944 78 2281
1944 78 2282
1944 78 2283
1944 78 2284
1944 78 2285
1944 78 2286
1944 78 2287
1945 78 2278
1945 78 2279
1945 78 2280
1945 78 2281
1945 78 2282
1945 78 2283
1945 78 2284
1945 78 2285
1945 78 2286
1945 78 2287
1946 78 2278
1946 78 2279
1946 78 2280
1946 78 2281
1946 78 2282
1946 78 2283
1946 78 2284
1946 78 2285
1946 78 2286
1946 78 2287
1946 78 2288
1947 78 2279
1947 78 2280
1947 78 2281
1947 78 2282
1947 78 2283
1947 78 2284
1947 78 2285
1947 78 2286
1947 78 2287
1947 78 2288
1948 78 2279
1948 78 2280
1948 78 2281
1948 78 2282
1948 78 2283
1948 78 2284
1948 78 2285
1948 78 2286
1948 78 2287
1948 78 2288
1948 78 2289
1949 78 2280
1949 78 2281
1949 78 2282
1949 78 2283
1949 78 2284
1949 78 2285
1949 78 2286
1949 78 2287
1949 78 2288
1949 78 2289
1950 78 2280
1950 78 2281
1950 78 2282
1950 78 2283
1950 78 2284
1950 78 2285
1950 78 2286
1950 78 2287
1950 78 2288
1950 78 2289
1950 78 2290
1951 78 2281
1951 78 2282
1951 78 2283
1951 78 2284
1951 78 2285
1951 78 2286
1951 78 2287
1951 78 2288
1951 78 2289
1951 78 2290
1952 78 2281
1952 78 2282
1952 78 2283
1952 78 2284
1952 78 2285
1952 78 2286
1952 78 2287
1952 78 2288
1952 78 2289
1952 78 2290
1953 78 2282
1953 78 2283
1953 78 2284
1953 78 2285
1953 78 2286
1953 78 2287
1953 78 2288
1953 78 2289
1953 78 2290
1953 78 2291
1954 78 2282
1954 78 2283
1954 78 2284
1954 78 2285
1954 78 2286
1954 78 2287
1954 78 2288
1954 78 2289
1954 78 2290
1954 78 2291
1955 78 2283
1955 78 2284
1955 78 2285
1955 78 2286
1955 78 2287
1955 78 2288
1955 78 2289
1955 78 2290
1955 78 2291
1955 78 2292
1956 78 2283
1956 78 2284
1956 78 2285
1956 78 2286
1956 78 2287
1956 78 2288
1956 78 2289
1956 78 2290
1956 78 2291
1956 78 2292
1957 78 2284
1957 78 2285
1957 78 2286
1957 78 2287
1957 78 2288
1957 78 2289
1957 78 2290
1957 78 2291
1957 78 2292
1957 78 2293
1958 78 2284
1958 78 2285
1958 78 2286
1958 78 2287
1958 78 2288
1958 78 2289
1958 78 2290
1958 78 2291
1958 78 2292
1958 78 2293
1959 78 2284
1959 78 2285
1959 78 2286
1959 78 2287
1959 78 2288
1959 78 2289
1959 78 2290
1959 78 2291
1959 78 2292
1959 78 2293
1959 78 2294
1960 78 2285
1960 78 2286
1960 78 2287
1960 78 2288
1960 78 2289
1960 78 2290
1960 78 2291
1960 78 2292
1960 78 2293
1960 78 2294
1961 78 2285
1961 78 2286
1961 78 2287
1961 78 2288
1961 78 2289
1961 78 2290
1961 78 2291
1961 78 2292
1961 78 2293
1961 78 2294
1961 78 2295
1962 78 2286
1962 78 2287
1962 78 2288
1962 78 2289
1962 78 2290
1962 78 2291
1962 78 2292
1962 78 2293
1962 78 2294
1962 78 2295
1963 78 2286
1963 78 2287
1963 78 2288
1963 78 2289
1963 78 2290
1963 78 2291
1963 78 2292
1963 78 2293
1963 78 2294
1963 78 2295
1963 78 2296
1964 78 2287
1964 78 2288
1964 78 2289
1964 78 2290
1964 78 2291
1964 78 2292
1964 78 2293
1964 78 2294
1964 78 2295
1964 78 2296
1965 78 2287
1965 78 2288
1965 78 2289
1965 78 2290
1965 78 2291
1965 78 2292
1965 78 2293
1965 78 2294
1965 78 2295
1965 78 2296
1966 78 2288
1966 78 2289
1966 78 2290
1966 78 2291
1966 78 2292
1966 78 2293
1966 78 2294
1966 78 2295
1966 78 2296
1966 78 2297
1967 78 2288
1967 78 2289
1967 78 2290
1967 78 2291
1967 78 2292
1967 78 2293
1967 78 2294
1967 78 2295
1967 78 2296
1967 78 2297
1968 78 2289
1968 78 2290
1968 78 2291
1968 78 2292
1968 78 2293
1968 78 2294
1968 78 2295
1968 78 2296
1968 78 2297
1968 78 2298
1969 78 2289
1969 78 2290
1969 78 2291
1969 78 2292
1969 78 2293
1969 78 2294
1969 78 2295
1969 78 2296
1969 78 2297
1969 78 2298
1970 78 2290
1970 78 2291
1970 78 2292
1970 78 2293
1970 78 2294
1970 78 2295
1970 78 2296
1970 78 2297
1970 78 2298
1970 78 2299
1971 78 2290
1971 78 2291
1971 78 2292
1971 78 2293
1971 78 2294
1971 78 2295
1971 78 2296
1971 78 2297
1971 78 2298
1971 78 2299
1972 78 2290
1972 78 2291
1972 78 2292
1972 78 2293
1972 78 2294
1972 78 2295
1972 78 2296
1972 78 2297
1972 78 2298
1972 78 2299
1972 78 2300
1973 78 2291
1973 78 2292
1973 78 2293
1973 78 2294
1973 78 2295
1973 78 2296
1973 78 2297
1973 78 2298
1973 78 2299
1973 78 2300
1974 78 2291
1974 78 2292
1974 78 2293
1974 78 2294
1974 78 2295
1974 78 2296
1974 78 2297
1974 78 2298
1974 78 2299
1974 78 2300
1975 78 2292
1975 78 2293
1975 78 2294
1975 78 2295
1975 78 2296
1975 78 2297
1975 78 2298
1975 78 2299
1975 78 2300
1975 78 2301
1976 78 2292
1976 78 2293
1976 78 2294
1976 78 2295
1976 78 2296
1976 78 2297
1976 78 2298
1976 78 2299
1976 78 2300
1976 78 2301
1977 78 2293
1977 78 2294
1977 78 2295
1977 78 2296
1977 78 2297
1977 78 2298
1977 78 2299
1977 78 2300
1977 78 2301
1978 78 2293
1978 78 2294
1978 78 2295
1978 78 2296
1978 78 2297
1978 78 2298
1978 78 2299
1978 78 2300
1978 78 2301
1978 78 2302
1979 78 2294
1979 78 2295
1979 78 2296
1979 78 2297
1979 78 2298
1979 78 2299
1979 78 2300
1979 78 2301
1979 78 2302
1980 78 2294
1980 78 2295
1980 78 2296
1980 78 2297
1980 78 2298
1980 78 2299
1980 78 2300
1980 78 2301
1980 78 2302
1980 78 2303
1981 78 2294
1981 78 2295
1981 78 2296
1981 78 2297
1981 78 2298
1981 78 2299
1981 78 2300
1981 78 2301
1981 78 2302
1981 78 2303
1982 78 2295
1982 78 2296
1982 78 2297
1982 78 2298
1982 78 2299
1982 78 2300
1982 78 2301
1982 78 2302
1982 78 2303
1982 78 2304
1983 78 2295
1983 78 2296
1983 78 2297
1983 78 2298
1983 78 2299
1983 78 2300
1983 78 2301
1983 78 2302
1983 78 2303
1983 78 2304
1984 78 2295
1984 78 2296
1984 78 2297
1984 78 2298
1984 78 2299
1984 78 2300
1984 78 2301
1984 78 2302
1984 78 2303
1984 78 2304
1984 78 2305
1985 78 2296
1985 78 2297
1985 78 2298
1985 78 2299
1985 78 2300
1985 78 2301
1985 78 2302
1985 78 2303
1985 78 2304
1985 78 2305
1986 78 2296
1986 78 2297
1986 78 2298
1986 78 2299
1986 78 2300
1986 78 2301
1986 78 2302
1986 78 2303
1986 78 2304
1986 78 2305
1986 78 2306
1987 78 2297
1987 78 2298
1987 78 2299
1987 78 2300
1987 78 2301
1987 78 2302
1987 78 2303
1987 78 2304
1987 78 2305
1987 78 2306
1988 78 2297
1988 78 2298
1988 78 2299
1988 78 2300
1988 78 2301
1988 78 2302
1988 78 2303
1988 78 2304
1988 78 2305
1988 78 2306
1989 78 2298
1989 78 2299
1989 78 2300
1989 78 2301
1989 78 2302
1989 78 2303
1989 78 2304
1989 78 2305
1989 78 2306
1989 78 2307
1990 78 2298
1990 78 2299
1990 78 2300
1990 78 2301
1990 78 2302
1990 78 2303
1990 78 2304
1990 78 2305
1990 78 2306
1990 78 2307
1991 78 2299
1991 78 2300
1991 78 2301
1991 78 2302
1991 78 2303
1991 78 2304
1991 78 2305
1991 78 2306
1991 78 2307
1992 78 2299
1992 78 2300
1992 78 2301
1992 78 2302
1992 78 2303
1992 78 2304
1992 78 2305
1992 78 2306
1992 78 2307
1992 78 2308
1993 78 2300
1993 78 2301
1993 78 2302
1993 78 2303
1993 78 2304
1993 78 2305
1993 78 2306
1993 78 2307
1993 78 2308
1994 78 2300
1994 78 2301
1994 78 2302
1994 78 2303
1994 78 2304
1994 78 2305
1994 78 2306
1994 78 2307
1994 78 2308
1994 78 2309
1995 78 2300
1995 78 2301
1995 78 2302
1995 78 2303
1995 78 2304
1995 78 2305
1995 78 2306
1995 78 2307
1995 78 2308
1995 78 2309
1996 78 2301
1996 78 2302
1996 78 2303
1996 78 2304
1996 78 2305
1996 78 2306
1996 78 2307
1996 78 2308
1996 78 2309
1996 78 2310
1997 78 2301
1997 78 2302
1997 78 2303
1997 78 2304
1997 78 2305
1997 78 2306
1997 78 2307
1997 78 2308
1997 78 2309
1997 78 2310
1998 78 2301
1998 78 2302
1998 78 2303
1998 78 2304
1998 78 2305
1998 78 2306
1998 78 2307
1998 78 2308
1998 78 2309
1998 78 2310
1999 78 2302
1999 78 2303
1999 78 2304
1999 78 2305
1999 78 2306
1999 78 2307
1999 78 2308
1999 78 2309
1999 78 2310
1999 78 2311
2000 78 2302
2000 78 2303
2000 78 2304
2000 78 2305
2000 78 2306
2000 78 2307
2000 78 2308
2000 78 2309
2000 78 2310
2000 78 2311
2001 78 2303
2001 78 2304
2001 78 2305
2001 78 2306
2001 78 2307
2001 78 2308
2001 78 2309
2001 78 2310
2001 78 2311
2001 78 2312
2002 78 2303
2002 78 2304
2002 78 2305
2002 78 2306
2002 78 2307
2002 78 2308
2002 78 2309
2002 78 2310
2002 78 2311
2002 78 2312
2003 78 2304
2003 78 2305
2003 78 2306
2003 78 2307
2003 78 2308
2003 78 2309
2003 78 2310
2003 78 2311
2003 78 2312
2004 78 2304
2004 78 2305
2004 78 2306
2004 78 2307
2004 78 2308
2004 78 2309
2004 78 2310
2004 78 2311
2004 78 2312
2004 78 2313
2005 78 2304
2005 78 2305
2005 78 2306
2005 78 2307
2005 78 2308
2005 78 2309
2005 78 2310
2005 78 2311
2005 78 2312
2005 78 2313
2006 78 2305
2006 78 2306
2006 78 2307
2006 78 2308
2006 78 2309
2006 78 2310
2006 78 2311
2006 78 2312
2006 78 2313
2006 78 2314
2007 78 2305
2007 78 2306
2007 78 2307
2007 78 2308
2007 78 2309
2007 78 2310
2007 78 2311
2007 78 2312
2007 78 2313
2007 78 2314
2008 78 2306
2008 78 2307
2008 78 2308
2008 78 2309
2008 78 2310
2008 78 2311
2008 78 2312
2008 78 2313
2008 78 2314
2008 78 2315
2009 78 2306
2009 78 2307
2009 78 2308
2009 78 2309
2009 78 2310
2009 78 2311
2009 78 2312
2009 78 2313
2009 78 2314
2009 78 2315
2010 78 2306
2010 78 2307
2010 78 2308
2010 78 2309
2010 78 2310
2010 78 2311
2010 78 2312
2010 78 2313
2010 78 2314
2010 78 2315
2011 78 2307
2011 78 2308
2011 78 2309
2011 78 2310
2011 78 2311
2011 78 2312
2011 78 2313
2011 78 2314
2011 78 2315
2011 78 2316
2012 78 2307
2012 78 2308
2012 78 2309
2012 78 2310
2012 78 2311
2012 78 2312
2012 78 2313
2012 78 2314
2012 78 2315
2012 78 2316
2013 78 2308
2013 78 2309
2013 78 2310
2013 78 2311
2013 78 2312
2013 78 2313
2013 78 2314
2013 78 2315
2013 78 2316
2013 78 2317
2014 78 2308
2014 78 2309
2014 78 2310
2014 78 2311
2014 78 2312
2014 78 2313
2014 78 2314
2014 78 2315
2014 78 2316
2014 78 2317
2015 78 2309
2015 78 2310
2015 78 2311
2015 78 2312
2015 78 2313
2015 78 2314
2015 78 2315
2015 78 2316
2015 78 2317
2016 78 2309
2016 78 2310
2016 78 2311
2016 78 2312
2016 78 2313
2016 78 2314
2016 78 2315
2016 78 2316
2016 78 2317
2016 78 2318
2017 78 2309
2017 78 2310
2017 78 2311
2017 78 2312
2017 78 2313
2017 78 2314
2017 78 2315
2017 78 2316
2017 78 2317
2017 78 2318
2018 78 2310
2018 78 2311
2018 78 2312
2018 78 2313
2018 78 2314
2018 78 2315
2018 78 2316
2018 78 2317
2018 78 2318
2018 78 2319
2019 78 2310
2019 78 2311
2019 78 2312
2019 78 2313
2019 78 2314
2019 78 2315
2019 78 2316
2019 78 2317
2019 78 2318
2019 78 2319
2020 78 2311
2020 78 2312
2020 78 2313
2020 78 2314
2020 78 2315
2020 78 2316
2020 78 2317
2020 78 2318
2020 78 2319
2021 78 2311
2021 78 2312
2021 78 2313
2021 78 2314
2021 78 2315
2021 78 2316
2021 78 2317
2021 78 2318
2021 78 2319
2021 78 2320
2022 78 2311
2022 78 2312
2022 78 2313
2022 78 2314
2022 78 2315
2022 78 2316
2022 78 2317
2022 78 2318
2022 78 2319
2022 78 2320
2023 78 2312
2023 78 2313
2023 78 2314
2023 78 2315
2023 78 2316
2023 78 2317
2023 78 2318
2023 78 2319
2023 78 2320
2023 78 2321
2024 78 2312
2024 78 2313
2024 78 2314
2024 78 2315
2024 78 2316
2024 78 2317
2024 78 2318
2024 78 2319
2024 78 2320
2024 78 2321
2025 78 2313
2025 78 2314
2025 78 2315
2025 78 2316
2025 78 2317
2025 78 2318
2025 78 2319
2025 78 2320
2025 78 2321
2026 78 2313
2026 78 2314
2026 78 2315
2026 78 2316
2026 78 2317
2026 78 2318
2026 78 2319
2026 78 2320
2026 78 2321
2026 78 2322
2027 78 2313
2027 78 2314
2027 78 2315
2027 78 2316
2027 78 2317
2027 78 2318
2027 78 2319
2027 78 2320
2027 78 2321
2027 78 2322
2028 78 2314
2028 78 2315
2028 78 2316
2028 78 2317
2028 78 2318
2028 78 2319
2028 78 2320
2028 78 2321
2028 78 2322
2028 78 2323
2029 78 2314
2029 78 2315
2029 78 2316
2029 78 2317
2029 78 2318
2029 78 2319
2029 78 2320
2029 78 2321
2029 78 2322
2029 78 2323
2030 78 2315
2030 78 2316
2030 78 2317
2030 78 2318
2030 78 2319
2030 78 2320
2030 78 2321
2030 78 2322
2030 78 2323
2031 78 2315
2031 78 2316
2031 78 2317
2031 78 2318
2031 78 2319
2031 78 2320
2031 78 2321
2031 78 2322
2031 78 2323
2031 78 2324
2032 78 2315
2032 78 2316
2032 78 2317
2032 78 2318
2032 78 2319
2032 78 2320
2032 78 2321
2032 78 2322
2032 78 2323
2032 78 2324
2033 78 2316
2033 78 2317
2033 78 2318
2033 78 2319
2033 78 2320
2033 78 2321
2033 78 2322
2033 78 2323
2033 78 2324
2033 78 2325
2034 78 2316
2034 78 2317
2034 78 2318
2034 78 2319
2034 78 2320
2034 78 2321
2034 78 2322
2034 78 2323
2034 78 2324
2034 78 2325
2035 78 2317
2035 78 2318
2035 78 2319
2035 78 2320
2035 78 2321
2035 78 2322
2035 78 2323
2035 78 2324
2035 78 2325
2036 78 2317
2036 78 2318
2036 78 2319
2036 78 2320
2036 78 2321
2036 78 2322
2036 78 2323
2036 78 2324
2036 78 2325
2036 78 2326
2037 78 2317
2037 78 2318
2037 78 2319
2037 78 2320
2037 78 2321
2037 78 2322
2037 78 2323
2037 78 2324
2037 78 2325
2037 78 2326
2038 78 2318
2038 78 2319
2038 78 2320
2038 78 2321
2038 78 2322
2038 78 2323
2038 78 2324
2038 78 2325
2038 78 2326
2038 78 2327
2039 78 2318
2039 78 2319
2039 78 2320
2039 78 2321
2039 78 2322
2039 78 2323
2039 78 2324
2039 78 2325
2039 78 2326
2039 78 2327
2040 78 2319
2040 78 2320
2040 78 2321
2040 78 2322
2040 78 2323
2040 78 2324
2040 78 2325
2040 78 2326
2040 78 2327
2041 78 2319
2041 78 2320
2041 78 2321
2041 78 2322
2041 78 2323
2041 78 2324
2041 78 2325
2041 78 2326
2041 78 2327
2041 78 2328
2042 78 2319
2042 78 2320
2042 78 2321
2042 78 2322
2042 78 2323
2042 78 2324
2042 78 2325
2042 78 2326
2042 78 2327
2042 78 2328
2043 78 2320
2043 78 2321
2043 78 2322
2043 78 2323
2043 78 2324
2043 78 2325
2043 78 2326
2043 78 2327
2043 78 2328
2044 78 2320
2044 78 2321
2044 78 2322
2044 78 2323
2044 78 2324
2044 78 2325
2044 78 2326
2044 78 2327
2044 78 2328
2044 78 2329
2045 78 2321
2045 78 2322
2045 78 2323
2045 78 2324
2045 78 2325
2045 78 2326
2045 78 2327
2045 78 2328
2045 78 2329
2046 78 2321
2046 78 2322
2046 78 2323
2046 78 2324
2046 78 2325
2046 78 2326
2046 78 2327
2046 78 2328
2046 78 2329
2046 78 2330
2047 78 2321
2047 78 2322
2047 78 2323
2047 78 2324
2047 78 2325
2047 78 2326
2047 78 2327
2047 78 2328
2047 78 2329
2047 78 2330
2048 78 2322
2048 78 2323
2048 78 2324
2048 78 2325
2048 78 2326
2048 78 2327
2048 78 2328
2048 78 2329
2048 78 2330
2048 78 2331
2049 78 2322
2049 78 2323
2049 78 2324
2049 78 2325
2049 78 2326
2049 78 2327
2049 78 2328
2049 78 2329
2049 78 2330
2049 78 2331
2050 78 2322
2050 78 2323
2050 78 2324
2050 78 2325
2050 78 2326
2050 78 2327
2050 78 2328
2050 78 2329
2050 78 2330
2050 78 2331
2051 78 2323
2051 78 2324
2051 78 2325
2051 78 2326
2051 78 2327
2051 78 2328
2051 78 2329
2051 78 2330
2051 78 2331
2051 78 2332
2052 78 2323
2052 78 2324
2052 78 2325
2052 78 2326
2052 78 2327
2052 78 2328
2052 78 2329
2052 78 2330
2052 78 2331
2052 78 2332
2053 78 2324
2053 78 2325
2053 78 2326
2053 78 2327
2053 78 2328
2053 78 2329
2053 78 2330
2053 78 2331
2053 78 2332
2054 78 2324
2054 78 2325
2054 78 2326
2054 78 2327
2054 78 2328
2054 78 2329
2054 78 2330
2054 78 2331
2054 78 2332
2054 78 2333
2055 78 2325
2055 78 2326
2055 78 2327
2055 78 2328
2055 78 2329
2055 78 2330
2055 78 2331
2055 78 2332
2055 78 2333
2056 78 2325
2056 78 2326
2056 78 2327
2056 78 2328
2056 78 2329
2056 78 2330
2056 78 2331
2056 78 2332
2056 78 2333
2056 78 2334
2057 78 2325
2057 78 2326
2057 78 2327
2057 78 2328
2057 78 2329
2057 78 2330
2057 78 2331
2057 78 2332
2057 78 2333
2057 78 2334
2058 78 2326
2058 78 2327
2058 78 2328
2058 78 2329
2058 78 2330
2058 78 2331
2058 78 2332
2058 78 2333
2058 78 2334
2058 78 2335
2059 78 2326
2059 78 2327
2059 78 2328
2059 78 2329
2059 78 2330
2059 78 2331
2059 78 2332
2059 78 2333
2059 78 2334
2059 78 2335
2060 78 2326
2060 78 2327
2060 78 2328
2060 78 2329
2060 78 2330
2060 78 2331
2060 78 2332
2060 78 2333
2060 78 2334
2060 78 2335
2061 78 2327
2061 78 2328
2061 78 2329
2061 78 2330
2061 78 2331
2061 78 2332
2061 78 2333
2061 78 2334
2061 78 2335
2061 78 2336
2062 78 2327
2062 78 2328
2062 78 2329
2062 78 2330
2062 78 2331
2062 78 2332
2062 78 2333
2062 78 2334
2062 78 2335
2062 78 2336
2063 78 2328
2063 78 2329
2063 78 2330
2063 78 2331
2063 78 2332
2063 78 2333
2063 78 2334
2063 78 2335
2063 78 2336
2063 78 2337
2064 78 2328
2064 78 2329
2064 78 2330
2064 78 2331
2064 78 2332
2064 78 2333
2064 78 2334
2064 78 2335
2064 78 2336
2064 78 2337
2065 78 2329
2065 78 2330
2065 78 2331
2065 78 2332
2065 78 2333
2065 78 2334
2065 78 2335
2065 78 2336
2065 78 2337
2066 78 2329
2066 78 2330
2066 78 2331
2066 78 2332
2066 78 2333
2066 78 2334
2066 78 2335
2066 78 2336
2066 78 2337
2066 78 2338
2067 78 2329
2067 78 2330
2067 78 2331
2067 78 2332
2067 78 2333
2067 78 2334
2067 78 2335
2067 78 2336
2067 78 2337
2067 78 2338
2068 78 2330
2068 78 2331
2068 78 2332
2068 78 2333
2068 78 2334
2068 78 2335
2068 78 2336
2068 78 2337
2068 78 2338
2068 78 2339
2069 78 2330
2069 78 2331
2069 78 2332
2069 78 2333
2069 78 2334
2069 78 2335
2069 78 2336
2069 78 2337
2069 78 2338
2069 78 2339
2070 78 2331
2070 78 2332
2070 78 2333
2070 78 2334
2070 78 2335
2070 78 2336
2070 78 2337
2070 78 2338
2070 78 2339
2070 78 2340
2071 78 2331
2071 78 2332
2071 78 2333
2071 78 2334
2071 78 2335
2071 78 2336
2071 78 2337
2071 78 2338
2071 78 2339
2071 78 2340
2072 78 2331
2072 78 2332
2072 78 2333
2072 78 2334
2072 78 2335
2072 78 2336
2072 78 2337
2072 78 2338
2072 78 2339
2072 78 2340
2073 78 2332
2073 78 2333
2073 78 2334
2073 78 2335
2073 78 2336
2073 78 2337
2073 78 2338
2073 78 2339
2073 78 2340
2073 78 2341
2074 78 2332
2074 78 2333
2074 78 2334
2074 78 2335
2074 78 2336
2074 78 2337
2074 78 2338
2074 78 2339
2074 78 2340
2074 78 2341
2075 78 2333
2075 78 2334
2075 78 2335
2075 78 2336
2075 78 2337
2075 78 2338
2075 78 2339
2075 78 2340
2075 78 2341
2075 78 2342
2076 78 2333
2076 78 2334
2076 78 2335
2076 78 2336
2076 78 2337
2076 78 2338
2076 78 2339
2076 78 2340
2076 78 2341
2076 78 2342
2077 78 2334
2077 78 2335
2077 78 2336
2077 78 2337
2077 78 2338
2077 78 2339
2077 78 2340
2077 78 2341
2077 78 2342
2078 78 2334
2078 78 2335
2078 78 2336
2078 78 2337
2078 78 2338
2078 78 2339
2078 78 2340
2078 78 2341
2078 78 2342
2078 78 2343
2079 78 2334
2079 78 2335
2079 78 2336
2079 78 2337
2079 78 2338
2079 78 2339
2079 78 2340
2079 78 2341
2079 78 2342
2079 78 2343
2080 78 2335
2080 78 2336
2080 78 2337
2080 78 2338
2080 78 2339
2080 78 2340
2080 78 2341
2080 78 2342
2080 78 2343
2080 78 2344
2081 78 2335
2081 78 2336
2081 78 2337
2081 78 2338
2081 78 2339
2081 78 2340
2081 78 2341
2081 78 2342
2081 78 2343
2081 78 2344
2082 78 2336
2082 78 2337
2082 78 2338
2082 78 2339
2082 78 2340
2082 78 2341
2082 78 2342
2082 78 2343
2082 78 2344
2083 78 2336
2083 78 2337
2083 78 2338
2083 78 2339
2083 78 2340
2083 78 2341
2083 78 2342
2083 78 2343
2083 78 2344
2083 78 2345
2084 78 2336
2084 78 2337
2084 78 2338
2084 78 2339
2084 78 2340
2084 78 2341
2084 78 2342
2084 78 2343
2084 78 2344
2084 78 2345
2085 78 2337
2085 78 2338
2085 78 2339
2085 78 2340
2085 78 2341
2085 78 2342
2085 78 2343
2085 78 2344
2085 78 2345
2085 78 2346
2086 78 2337
2086 78 2338
2086 78 2339
2086 78 2340
2086 78 2341
2086 78 2342
2086 78 2343
2086 78 2344
2086 78 2345
2086 78 2346
2087 78 2338
2087 78 2339
2087 78 2340
2087 78 2341
2087 78 2342
2087 78 2343
2087 78 2344
2087 78 2345
2087 78 2346
2087 78 2347
2088 78 2338
2088 78 2339
2088 78 2340
2088 78 2341
2088 78 2342
2088 78 2343
2088 78 2344
2088 78 2345
2088 78 2346
2088 78 2347
2089 78 2338
2089 78 2339
2089 78 2340
2089 78 2341
2089 78 2342
2089 78 2343
2089 78 2344
2089 78 2345
2089 78 2346
2089 78 2347
2089 78 2348
2090 78 2339
2090 78 2340
2090 78 2341
2090 78 2342
2090 78 2343
2090 78 2344
2090 78 2345
2090 78 2346
2090 78 2347
2090 78 2348
2091 78 2339
2091 78 2340
2091 78 2341
2091 78 2342
2091 78 2343
2091 78 2344
2091 78 2345
2091 78 2346
2091 78 2347
2091 78 2348
2092 78 2340
2092 78 2341
2092 78 2342
2092 78 2343
2092 78 2344
2092 78 2345
2092 78 2346
2092 78 2347
2092 78 2348
2092 78 2349
2093 78 2340
2093 78 2341
2093 78 2342
2093 78 2343
2093 78 2344
2093 78 2345
2093 78 2346
2093 78 2347
2093 78 2348
2093 78 2349
2094 78 2341
2094 78 2342
2094 78 2343
2094 78 2344
2094 78 2345
2094 78 2346
2094 78 2347
2094 78 2348
2094 78 2349
2094 78 2350
2095 78 2341
2095 78 2342
2095 78 2343
2095 78 2344
2095 78 2345
2095 78 2346
2095 78 2347
2095 78 2348
2095 78 2349
2095 78 2350
2096 78 2342
2096 78 2343
2096 78 2344
2096 78 2345
2096 78 2346
2096 78 2347
2096 78 2348
2096 78 2349
2096 78 2350
2097 78 2342
2097 78 2343
2097 78 2344
2097 78 2345
2097 78 2346
2097 78 2347
2097 78 2348
2097 78 2349
2097 78 2350
2097 78 2351
2098 78 2342
2098 78 2343
2098 78 2344
2098 78 2345
2098 78 2346
2098 78 2347
2098 78 2348
2098 78 2349
2098 78 2350
2098 78 2351
2099 78 2343
2099 78 2344
2099 78 2345
2099 78 2346
2099 78 2347
2099 78 2348
2099 78 2349
2099 78 2350
2099 78 2351
2099 78 2352
2100 78 2343
2100 78 2344
2100 78 2345
2100 78 2346
2100 78 2347
2100 78 2348
2100 78 2349
2100 78 2350
2100 78 2351
2100 78 2352
2101 78 2344
2101 78 2345
2101 78 2346
2101 78 2347
2101 78 2348
2101 78 2349
2101 78 2350
2101 78 2351
2101 78 2352
2101 78 2353
2102 78 2344
2102 78 2345
2102 78 2346
2102 78 2347
2102 78 2348
2102 78 2349
2102 78 2350
2102 78 2351
2102 78 2352
2102 78 2353
2103 78 2344
2103 78 2345
2103 78 2346
2103 78 2347
2103 78 2348
2103 78 2349
2103 78 2350
2103 78 2351
2103 78 2352
2103 78 2353
2103 78 2354
2104 78 2345
2104 78 2346
2104 78 2347
2104 78 2348
2104 78 2349
2104 78 2350
2104 78 2351
2104 78 2352
2104 78 2353
2104 78 2354
2105 78 2345
2105 78 2346
2105 78 2347
2105 78 2348
2105 78 2349
2105 78 2350
2105 78 2351
2105 78 2352
2105 78 2353
2105 78 2354
2105 78 2355
2106 78 2346
2106 78 2347
2106 78 2348
2106 78 2349
2106 78 2350
2106 78 2351
2106 78 2352
2106 78 2353
2106 78 2354
2106 78 2355
2107 78 2346
2107 78 2347
2107 78 2348
2107 78 2349
2107 78 2350
2107 78 2351
2107 78 2352
2107 78 2353
2107 78 2354
2107 78 2355
2108 78 2347
2108 78 2348
2108 78 2349
2108 78 2350
2108 78 2351
2108 78 2352
2108 78 2353
2108 78 2354
2108 78 2355
2108 78 2356
2109 78 2347
2109 78 2348
2109 78 2349
2109 78 2350
2109 78 2351
2109 78 2352
2109 78 2353
2109 78 2354
2109 78 2355
2109 78 2356
2110 78 2348
2110 78 2349
2110 78 2350
2110 78 2351
2110 78 2352
2110 78 2353
2110 78 2354
2110 78 2355
2110 78 2356
2110 78 2357
2111 78 2348
2111 78 2349
2111 78 2350
2111 78 2351
2111 78 2352
2111 78 2353
2111 78 2354
2111 78 2355
2111 78 2356
2111 78 2357
2112 78 2349
2112 78 2350
2112 78 2351
2112 78 2352
2112 78 2353
2112 78 2354
2112 78 2355
2112 78 2356
2112 78 2357
2112 78 2358
2113 78 2349
2113 78 2350
2113 78 2351
2113 78 2352
2113 78 2353
2113 78 2354
2113 78 2355
2113 78 2356
2113 78 2357
2113 78 2358
2114 78 2349
2114 78 2350
2114 78 2351
2114 78 2352
2114 78 2353
2114 78 2354
2114 78 2355
2114 78 2356
2114 78 2357
2114 78 2358
2114 78 2359
2115 78 2350
2115 78 2351
2115 78 2352
2115 78 2353
2115 78 2354
2115 78 2355
2115 78 2356
2115 78 2357
2115 78 2358
2115 78 2359
2116 78 2350
2116 78 2351
2116 78 2352
2116 78 2353
2116 78 2354
2116 78 2355
2116 78 2356
2116 78 2357
2116 78 2358
2116 78 2359
2116 78 2360
2117 78 2351
2117 78 2352
2117 78 2353
2117 78 2354
2117 78 2355
2117 78 2356
2117 78 2357
2117 78 2358
2117 78 2359
2117 78 2360
2118 78 2351
2118 78 2352
2118 78 2353
2118 78 2354
2118 78 2355
2118 78 2356
2118 78 2357
2118 78 2358
2118 78 2359
2118 78 2360
2118 78 2361
2119 78 2352
2119 78 2353
2119 78 2354
2119 78 2355
2119 78 2356
2119 78 2357
2119 78 2358
2119 78 2359
2119 78 2360
2119 78 2361
2120 78 2352
2120 78 2353
2120 78 2354
2120 78 2355
2120 78 2356
2120 78 2357
2120 78 2358
2120 78 2359
2120 78 2360
2120 78 2361
2121 78 2353
2121 78 2354
2121 78 2355
2121 78 2356
2121 78 2357
2121 78 2358
2121 78 2359
2121 78 2360
2121 78 2361
2121 78 2362
2122 78 2353
2122 78 2354
2122 78 2355
2122 78 2356
2122 78 2357
2122 78 2358
2122 78 2359
2122 78 2360
2122 78 2361
2122 78 2362
2123 78 2354
2123 78 2355
2123 78 2356
2123 78 2357
2123 78 2358
2123 78 2359
2123 78 2360
2123 78 2361
2123 78 2362
2123 78 2363
2124 78 2354
2124 78 2355
2124 78 2356
2124 78 2357
2124 78 2358
2124 78 2359
2124 78 2360
2124 78 2361
2124 78 2362
2124 78 2363
2125 78 2355
2125 78 2356
2125 78 2357
2125 78 2358
2125 78 2359
2125 78 2360
2125 78 2361
2125 78 2362
2125 78 2363
2125 78 2364
2126 78 2355
2126 78 2356
2126 78 2357
2126 78 2358
2126 78 2359
2126 78 2360
2126 78 2361
2126 78 2362
2126 78 2363
2126 78 2364
2127 78 2355
2127 78 2356
2127 78 2357
2127 78 2358
2127 78 2359
2127 78 2360
2127 78 2361
2127 78 2362
2127 78 2363
2127 78 2364
2127 78 2365
2128 78 2356
2128 78 2357
2128 78 2358
2128 78 2359
2128 78 2360
2128 78 2361
2128 78 2362
2128 78 2363
2128 78 2364
2128 78 2365
2129 78 2356
2129 78 2357
2129 78 2358
2129 78 2359
2129 78 2360
2129 78 2361
2129 78 2362
2129 78 2363
2129 78 2364
2129 78 2365
2129 78 2366
2130 78 2357
2130 78 2358
2130 78 2359
2130 78 2360
2130 78 2361
2130 78 2362
2130 78 2363
2130 78 2364
2130 78 2365
2130 78 2366
2131 78 2357
2131 78 2358
2131 78 2359
2131 78 2360
2131 78 2361
2131 78 2362
2131 78 2363
2131 78 2364
2131 78 2365
2131 78 2366
2131 78 2367
2132 78 2358
2132 78 2359
2132 78 2360
2132 78 2361
2132 78 2362
2132 78 2363
2132 78 2364
2132 78 2365
2132 78 2366
2132 78 2367
2133 78 2358
2133 78 2359
2133 78 2360
2133 78 2361
2133 78 2362
2133 78 2363
2133 78 2364
2133 78 2365
2133 78 2366
2133 78 2367
2133 78 2368
2134 78 2359
2134 78 2360
2134 78 2361
2134 78 2362
2134 78 2363
2134 78 2364
2134 78 2365
2134 78 2366
2134 78 2367
2134 78 2368
2135 78 2359
2135 78 2360
2135 78 2361
2135 78 2362
2135 78 2363
2135 78 2364
2135 78 2365
2135 78 2366
2135 78 2367
2135 78 2368
2135 78 2369
2136 78 2360
2136 78 2361
2136 78 2362
2136 78 2363
2136 78 2364
2136 78 2365
2136 78 2366
2136 78 2367
2136 78 2368
2136 78 2369
2137 78 2360
2137 78 2361
2137 78 2362
2137 78 2363
2137 78 2364
2137 78 2365
2137 78 2366
2137 78 2367
2137 78 2368
2137 78 2369
2137 78 2370
2138 78 2361
2138 78 2362
2138 78 2363
2138 78 2364
2138 78 2365
2138 78 2366
2138 78 2367
2138 78 2368
2138 78 2369
2138 78 2370
2139 78 2361
2139 78 2362
2139 78 2363
2139 78 2364
2139 78 2365
2139 78 2366
2139 78 2367
2139 78 2368
2139 78 2369
2139 78 2370
2139 78 2371
2140 78 2362
2140 78 2363
2140 78 2364
2140 78 2365
2140 78 2366
2140 78 2367
2140 78 2368
2140 78 2369
2140 78 2370
2140 78 2371
2141 78 2362
2141 78 2363
2141 78 2364
2141 78 2365
2141 78 2366
2141 78 2367
2141 78 2368
2141 78 2369
2141 78 2370
2141 78 2371
2141 78 2372
2142 78 2363
2142 78 2364
2142 78 2365
2142 78 2366
2142 78 2367
2142 78 2368
2142 78 2369
2142 78 2370
2142 78 2371
2142 78 2372
2143 78 2363
2143 78 2364
2143 78 2365
2143 78 2366
2143 78 2367
2143 78 2368
2143 78 2369
2143 78 2370
2143 78 2371
2143 78 2372
2143 78 2373
2144 78 2364
2144 78 2365
2144 78 2366
2144 78 2367
2144 78 2368
2144 78 2369
2144 78 2370
2144 78 2371
2144 78 2372
2144 78 2373
2145 78 2364
2145 78 2365
2145 78 2366
2145 78 2367
2145 78 2368
2145 78 2369
2145 78 2370
2145 78 2371
2145 78 2372
2145 78 2373
2145 78 2374
2146 78 2365
2146 78 2366
2146 78 2367
2146 78 2368
2146 78 2369
2146 78 2370
2146 78 2371
2146 78 2372
2146 78 2373
2146 78 2374
2147 78 2365
2147 78 2366
2147 78 2367
2147 78 2368
2147 78 2369
2147 78 2370
2147 78 2371
2147 78 2372
2147 78 2373
2147 78 2374
2147 78 2375
2148 78 2366
2148 78 2367
2148 78 2368
2148 78 2369
2148 78 2370
2148 78 2371
2148 78 2372
2148 78 2373
2148 78 2374
2148 78 2375
2149 78 2366
2149 78 2367
2149 78 2368
2149 78 2369
2149 78 2370
2149 78 2371
2149 78 2372
2149 78 2373
2149 78 2374
2149 78 2375
2149 78 2376
2150 78 2367
2150 78 2368
2150 78 2369
2150 78 2370
2150 78 2371
2150 78 2372
2150 78 2373
2150 78 2374
2150 78 2375
2150 78 2376
2151 78 2367
2151 78 2368
2151 78 2369
2151 78 2370
2151 78 2371
2151 78 2372
2151 78 2373
2151 78 2374
2151 78 2375
2151 78 2376
2151 78 2377
2152 78 2368
2152 78 2369
2152 78 2370
2152 78 2371
2152 78 2372
2152 78 2373
2152 78 2374
2152 78 2375
2152 78 2376
2152 78 2377
2152 78 2378
2153 78 2368
2153 78 2369
2153 78 2370
2153 78 2371
2153 78 2372
2153 78 2373
2153 78 2374
2153 78 2375
2153 78 2376
2153 78 2377
2153 78 2378
2154 78 2369
2154 78 2370
2154 78 2371
2154 78 2372
2154 78 2373
2154 78 2374
2154 78 2375
2154 78 2376
2154 78 2377
2154 78 2378
2154 78 2379
2155 78 2369
2155 78 2370
2155 78 2371
2155 78 2372
2155 78 2373
2155 78 2374
2155 78 2375
2155 78 2376
2155 78 2377
2155 78 2378
2155 78 2379
2156 78 2370
2156 78 2371
2156 78 2372
2156 78 2373
2156 78 2374
2156 78 2375
2156 78 2376
2156 78 2377
2156 78 2378
2156 78 2379
2156 78 2380
2157 78 2370
2157 78 2371
2157 78 2372
2157 78 2373
2157 78 2374
2157 78 2375
2157 78 2376
2157 78 2377
2157 78 2378
2157 78 2379
2157 78 2380
2158 78 2371
2158 78 2372
2158 78 2373
2158 78 2374
2158 78 2375
2158 78 2376
2158 78 2377
2158 78 2378
2158 78 2379
2158 78 2380
2158 78 2381
2159 78 2372
2159 78 2373
2159 78 2374
2159 78 2375
2159 78 2376
2159 78 2377
2159 78 2378
2159 78 2379
2159 78 2380
2159 78 2381
2159 78 2382
2160 78 2372
2160 78 2373
2160 78 2374
2160 78 2375
2160 78 2376
2160 78 2377
2160 78 2378
2160 78 2379
2160 78 2380
2160 78 2381
2160 78 2382
2161 78 2373
2161 78 2374
2161 78 2375
2161 78 2376
2161 78 2377
2161 78 2378
2161 78 2379
2161 78 2380
2161 78 2381
2161 78 2382
2161 78 2383
2162 78 2373
2162 78 2374
2162 78 2375
2162 78 2376
2162 78 2377
2162 78 2378
2162 78 2379
2162 78 2380
2162 78 2381
2162 78 2382
2162 78 2383
2163 78 2374
2163 78 2375
2163 78 2376
2163 78 2377
2163 78 2378
2163 78 2379
2163 78 2380
2163 78 2381
2163 78 2382
2163 78 2383
2163 78 2384
2164 78 2374
2164 78 2375
2164 78 2376
2164 78 2377
2164 78 2378
2164 78 2379
2164 78 2380
2164 78 2381
2164 78 2382
2164 78 2383
2164 78 2384
2164 78 2385
2165 78 2375
2165 78 2376
2165 78 2377
2165 78 2378
2165 78 2379
2165 78 2380
2165 78 2381
2165 78 2382
2165 78 2383
2165 78 2384
2165 78 2385
2166 78 2376
2166 78 2377
2166 78 2378
2166 78 2379
2166 78 2380
2166 78 2381
2166 78 2382
2166 78 2383
2166 78 2384
2166 78 2385
2166 78 2386
2167 78 2376
2167 78 2377
2167 78 2378
2167 78 2379
2167 78 2380
2167 78 2381
2167 78 2382
2167 78 2383
2167 78 2384
2167 78 2385
2167 78 2386
2168 78 2377
2168 78 2378
2168 78 2379
2168 78 2380
2168 78 2381
2168 78 2382
2168 78 2383
2168 78 2384
2168 78 2385
2168 78 2386
2168 78 2387
2169 78 2377
2169 78 2378
2169 78 2379
2169 78 2380
2169 78 2381
2169 78 2382
2169 78 2383
2169 78 2384
2169 78 2385
2169 78 2386
2169 78 2387
2169 78 2388
2170 78 2378
2170 78 2379
2170 78 2380
2170 78 2381
2170 78 2382
2170 78 2383
2170 78 2384
2170 78 2385
2170 78 2386
2170 78 2387
2170 78 2388
2171 78 2379
2171 78 2380
2171 78 2381
2171 78 2382
2171 78 2383
2171 78 2384
2171 78 2385
2171 78 2386
2171 78 2387
2171 78 2388
2171 78 2389
2172 78 2379
2172 78 2380
2172 78 2381
2172 78 2382
2172 78 2383
2172 78 2384
2172 78 2385
2172 78 2386
2172 78 2387
2172 78 2388
2172 78 2389
2172 78 2390
2173 78 2380
2173 78 2381
2173 78 2382
2173 78 2383
2173 78 2384
2173 78 2385
2173 78 2386
2173 78 2387
2173 78 2388
2173 78 2389
2173 78 2390
2174 78 2380
2174 78 2381
2174 78 2382
2174 78 2383
2174 78 2384
2174 78 2385
2174 78 2386
2174 78 2387
2174 78 2388
2174 78 2389
2174 78 2390
2174 78 2391
2175 78 2381
2175 78 2382
2175 78 2383
2175 78 2384
2175 78 2385
2175 78 2386
2175 78 2387
2175 78 2388
2175 78 2389
2175 78 2390
2175 78 2391
2175 78 2392
2176 78 2382
2176 78 2383
2176 78 2384
2176 78 2385
2176 78 2386
2176 78 2387
2176 78 2388
2176 78 2389
2176 78 2390
2176 78 2391
2176 78 2392
2177 78 2382
2177 78 2383
2177 78 2384
2177 78 2385
2177 78 2386
2177 78 2387
2177 78 2388
2177 78 2389
2177 78 2390
2177 78 2391
2177 78 2392
2177 78 2393
2178 78 2383
2178 78 2384
2178 78 2385
2178 78 2386
2178 78 2387
2178 78 2388
2178 78 2389
2178 78 2390
2178 78 2391
2178 78 2392
2178 78 2393
2178 78 2394
2179 78 2384
2179 78 2385
2179 78 2386
2179 78 2387
2179 78 2388
2179 78 2389
2179 78 2390
2179 78 2391
2179 78 2392
2179 78 2393
2179 78 2394
2180 78 2384
2180 78 2385
2180 78 2386
2180 78 2387
2180 78 2388
2180 78 2389
2180 78 2390
2180 78 2391
2180 78 2392
2180 78 2393
2180 78 2394
2180 78 2395
2181 78 2385
2181 78 2386
2181 78 2387
2181 78 2388
2181 78 2389
2181 78 2390
2181 78 2391
2181 78 2392
2181 78 2393
2181 78 2394
2181 78 2395
2181 78 2396
2182 78 2386
2182 78 2387
2182 78 2388
2182 78 2389
2182 78 2390
2182 78 2391
2182 78 2392
2182 78 2393
2182 78 2394
2182 78 2395
2182 78 2396
2182 78 2397
2183 78 2386
2183 78 2387
2183 78 2388
2183 78 2389
2183 78 2390
2183 78 2391
2183 78 2392
2183 78 2393
2183 78 2394
2183 78 2395
2183 78 2396
2183 78 2397
2184 78 2387
2184 78 2388
2184 78 2389
2184 78 2390
2184 78 2391
2184 78 2392
2184 78 2393
2184 78 2394
2184 78 2395
2184 78 2396
2184 78 2397
2184 78 2398
2185 78 2388
2185 78 2389
2185 78 2390
2185 78 2391
2185 78 2392
2185 78 2393
2185 78 2394
2185 78 2395
2185 78 2396
2185 78 2397
2185 78 2398
2185 78 2399
2186 78 2388
2186 78 2389
2186 78 2390
2186 78 2391
2186 78 2392
2186 78 2393
2186 78 2394
2186 78 2395
2186 78 2396
2186 78 2397
2186 78 2398
2186 78 2399
2187 78 2389
2187 78 2390
2187 78 2391
2187 78 2392
2187 78 2393
2187 78 2394
2187 78 2395
2187 78 2396
2187 78 2397
2187 78 2398
2187 78 2399
2187 78 2400
2188 78 2390
2188 78 2391
2188 78 2392
2188 78 2393
2188 78 2394
2188 78 2395
2188 78 2396
2188 78 2397
2188 78 2398
2188 78 2399
2188 78 2400
2188 78 2401
2189 78 2391
2189 78 2392
2189 78 2393
2189 78 2394
2189 78 2395
2189 78 2396
2189 78 2397
2189 78 2398
2189 78 2399
2189 78 2400
2189 78 2401
2190 78 2391
2190 78 2392
2190 78 2393
2190 78 2394
2190 78 2395
2190 78 2396
2190 78 2397
2190 78 2398
2190 78 2399
2190 78 2400
2190 78 2401
2190 78 2402
2191 78 2392
2191 78 2393
2191 78 2394
2191 78 2395
2191 78 2396
2191 78 2397
2191 78 2398
2191 78 2399
2191 78 2400
2191 78 2401
2191 78 2402
2191 78 2403
2192 78 2393
2192 78 2394
2192 78 2395
2192 78 2396
2192 78 2397
2192 78 2398
2192 78 2399
2192 78 2400
2192 78 2401
2192 78 2402
2192 78 2403
2192 78 2404
2193 78 2393
2193 78 2394
2193 78 2395
2193 78 2396
2193 78 2397
2193 78 2398
2193 78 2399
2193 78 2400
2193 78 2401
2193 78 2402
2193 78 2403
2193 78 2404
2193 78 2405
2194 78 2394
2194 78 2395
2194 78 2396
2194 78 2397
2194 78 2398
2194 78 2399
2194 78 2400
2194 78 2401
2194 78 2402
2194 78 2403
2194 78 2404
2194 78 2405
2194 78 2406
2195 78 2395
2195 78 2396
2195 78 2397
2195 78 2398
2195 78 2399
2195 78 2400
2195 78 2401
2195 78 2402
2195 78 2403
2195 78 2404
2195 78 2405
2195 78 2406
2196 78 2395
2196 78 2396
2196 78 2397
2196 78 2398
2196 78 2399
2196 78 2400
2196 78 2401
2196 78 2402
2196 78 2403
2196 78 2404
2196 78 2405
2196 78 2406
2196 78 2407
2197 78 2396
2197 78 2397
2197 78 2398
2197 78 2399
2197 78 2400
2197 78 2401
2197 78 2402
2197 78 2403
2197 78 2404
2197 78 2405
2197 78 2406
2197 78 2407
2197 78 2408
2198 78 2397
2198 78 2398
2198 78 2399
2198 78 2400
2198 78 2401
2198 78 2402
2198 78 2403
2198 78 2404
2198 78 2405
2198 78 2406
2198 78 2407
2198 78 2408
2198 78 2409
2199 78 2398
2199 78 2399
2199 78 2400
2199 78 2401
2199 78 2402
2199 78 2403
2199 78 2404
2199 78 2405
2199 78 2406
2199 78 2407
2199 78 2408
2199 78 2409
2200 78 2399
2200 78 2400
2200 78 2401
2200 78 2402
2200 78 2403
2200 78 2404
2200 78 2405
2200 78 2406
2200 78 2407
2200 78 2408
2200 78 2409
2200 78 2410
2201 78 2400
2201 78 2401
2201 78 2402
2201 78 2403
2201 78 2404
2201 78 2405
2201 78 2406
2201 78 2407
2201 78 2408
2201 78 2409
2201 78 2410
2201 78 2411
2202 78 2400
2202 78 2401
2202 78 2402
2202 78 2403
2202 78 2404
2202 78 2405
2202 78 2406
2202 78 2407
2202 78 2408
2202 78 2409
2202 78 2410
2202 78 2411
2202 78 2412
2203 78 2401
2203 78 2402
2203 78 2403
2203 78 2404
2203 78 2405
2203 78 2406
2203 78 2407
2203 78 2408
2203 78 2409
2203 78 2410
2203 78 2411
2203 78 2412
2203 78 2413
2204 78 2402
2204 78 2403
2204 78 2404
2204 78 2405
2204 78 2406
2204 78 2407
2204 78 2408
2204 78 2409
2204 78 2410
2204 78 2411
2204 78 2412
2204 78 2413
2204 78 2414
2205 78 2403
2205 78 2404
2205 78 2405
2205 78 2406
2205 78 2407
2205 78 2408
2205 78 2409
2205 78 2410
2205 78 2411
2205 78 2412
2205 78 2413
2205 78 2414
2205 78 2415
2206 78 2403
2206 78 2404
2206 78 2405
2206 78 2406
2206 78 2407
2206 78 2408
2206 78 2409
2206 78 2410
2206 78 2411
2206 78 2412
2206 78 2413
2206 78 2414
2206 78 2415
2206 78 2416
2207 78 2404
2207 78 2405
2207 78 2406
2207 78 2407
2207 78 2408
2207 78 2409
2207 78 2410
2207 78 2411
2207 78 2412
2207 78 2413
2207 78 2414
2207 78 2415
2207 78 2416
2207 78 2417
2208 78 2405
2208 78 2406
2208 78 2407
2208 78 2408
2208 78 2409
2208 78 2410
2208 78 2411
2208 78 2412
2208 78 2413
2208 78 2414
2208 78 2415
2208 78 2416
2208 78 2417
2208 78 2418
2209 78 2406
2209 78 2407
2209 78 2408
2209 78 2409
2209 78 2410
2209 78 2411
2209 78 2412
2209 78 2413
2209 78 2414
2209 78 2415
2209 78 2416
2209 78 2417
2209 78 2418
2209 78 2419
2210 78 2407
2210 78 2408
2210 78 2409
2210 78 2410
2210 78 2411
2210 78 2412
2210 78 2413
2210 78 2414
2210 78 2415
2210 78 2416
2210 78 2417
2210 78 2418
2210 78 2419
2210 78 2420
2211 78 2408
2211 78 2409
2211 78 2410
2211 78 2411
2211 78 2412
2211 78 2413
2211 78 2414
2211 78 2415
2211 78 2416
2211 78 2417
2211 78 2418
2211 78 2419
2211 78 2420
2212 78 2409
2212 78 2410
2212 78 2411
2212 78 2412
2212 78 2413
2212 78 2414
2212 78 2415
2212 78 2416
2212 78 2417
2212 78 2418
2212 78 2419
2212 78 2420
2212 78 2421
2212 78 2422
2213 78 2410
2213 78 2411
2213 78 2412
2213 78 2413
2213 78 2414
2213 78 2415
2213 78 2416
2213 78 2417
2213 78 2418
2213 78 2419
2213 78 2420
2213 78 2421
2213 78 2422
2213 78 2423
2214 78 2411
2214 78 2412
2214 78 2413
2214 78 2414
2214 78 2415
2214 78 2416
2214 78 2417
2214 78 2418
2214 78 2419
2214 78 2420
2214 78 2421
2214 78 2422
2214 78 2423
2214 78 2424
2215 78 2412
2215 78 2413
2215 78 2414
2215 78 2415
2215 78 2416
2215 78 2417
2215 78 2418
2215 78 2419
2215 78 2420
2215 78 2421
2215 78 2422
2215 78 2423
2215 78 2424
2215 78 2425
2216 78 2413
2216 78 2414
2216 78 2415
2216 78 2416
2216 78 2417
2216 78 2418
2216 78 2419
2216 78 2420
2216 78 2421
2216 78 2422
2216 78 2423
2216 78 2424
2216 78 2425
2216 78 2426
2217 78 2414
2217 78 2415
2217 78 2416
2217 78 2417
2217 78 2418
2217 78 2419
2217 78 2420
2217 78 2421
2217 78 2422
2217 78 2423
2217 78 2424
2217 78 2425
2217 78 2426
2217 78 2427
2218 78 2414
2218 78 2415
2218 78 2416
2218 78 2417
2218 78 2418
2218 78 2419
2218 78 2420
2218 78 2421
2218 78 2422
2218 78 2423
2218 78 2424
2218 78 2425
2218 78 2426
2218 78 2427
2218 78 2428
2219 78 2416
2219 78 2417
2219 78 2418
2219 78 2419
2219 78 2420
2219 78 2421
2219 78 2422
2219 78 2423
2219 78 2424
2219 78 2425
2219 78 2426
2219 78 2427
2219 78 2428
2219 78 2429
2220 78 2417
2220 78 2418
2220 78 2419
2220 78 2420
2220 78 2421
2220 78 2422
2220 78 2423
2220 78 2424
2220 78 2425
2220 78 2426
2220 78 2427
2220 78 2428
2220 78 2429
2220 78 2430
2220 78 2431
2221 78 2418
2221 78 2419
2221 78 2420
2221 78 2421
2221 78 2422
2221 78 2423
2221 78 2424
2221 78 2425
2221 78 2426
2221 78 2427
2221 78 2428
2221 78 2429
2221 78 2430
2221 78 2431
2221 78 2432
2222 78 2419
2222 78 2420
2222 78 2421
2222 78 2422
2222 78 2423
2222 78 2424
2222 78 2425
2222 78 2426
2222 78 2427
2222 78 2428
2222 78 2429
2222 78 2430
2222 78 2431
2222 78 2432
2222 78 2433
2223 78 2420
2223 78 2421
2223 78 2422
2223 78 2423
2223 78 2424
2223 78 2425
2223 78 2426
2223 78 2427
2223 78 2428
2223 78 2429
2223 78 2430
2223 78 2431
2223 78 2432
2223 78 2433
2223 78 2434
2223 78 2435
2224 78 2421
2224 78 2422
2224 78 2423
2224 78 2424
2224 78 2425
2224 78 2426
2224 78 2427
2224 78 2428
2224 78 2429
2224 78 2430
2224 78 2431
2224 78 2432
2224 78 2433
2224 78 2434
2224 78 2435
2224 78 2436
2225 78 2422
2225 78 2423
2225 78 2424
2225 78 2425
2225 78 2426
2225 78 2427
2225 78 2428
2225 78 2429
2225 78 2430
2225 78 2431
2225 78 2432
2225 78 2433
2225 78 2434
2225 78 2435
2225 78 2436
2225 78 2437
2226 78 2423
2226 78 2424
2226 78 2425
2226 78 2426
2226 78 2427
2226 78 2428
2226 78 2429
2226 78 2430
2226 78 2431
2226 78 2432
2226 78 2433
2226 78 2434
2226 78 2435
2226 78 2436
2226 78 2437
2226 78 2438
2226 78 2439
2227 78 2425
2227 78 2426
2227 78 2427
2227 78 2428
2227 78 2429
2227 78 2430
2227 78 2431
2227 78 2432
2227 78 2433
2227 78 2434
2227 78 2435
2227 78 2436
2227 78 2437
2227 78 2438
2227 78 2439
2227 78 2440
2228 78 2426
2228 78 2427
2228 78 2428
2228 78 2429
2228 78 2430
2228 78 2431
2228 78 2432
2228 78 2433
2228 78 2434
2228 78 2435
2228 78 2436
2228 78 2437
2228 78 2438
2228 78 2439
2228 78 2440
2228 78 2441
2228 78 2442
2229 78 2427
2229 78 2428
2229 78 2429
2229 78 2430
2229 78 2431
2229 78 2432
2229 78 2433
2229 78 2434
2229 78 2435
2229 78 2436
2229 78 2437
2229 78 2438
2229 78 2439
2229 78 2440
2229 78 2441
2229 78 2442
2229 78 2443
2230 78 2429
2230 78 2430
2230 78 2431
2230 78 2432
2230 78 2433
2230 78 2434
2230 78 2435
2230 78 2436
2230 78 2437
2230 78 2438
2230 78 2439
2230 78 2440
2230 78 2441
2230 78 2442
2230 78 2443
2230 78 2444
2230 78 2445
2231 78 2430
2231 78 2431
2231 78 2432
2231 78 2433
2231 78 2434
2231 78 2435
2231 78 2436
2231 78 2437
2231 78 2438
2231 78 2439
2231 78 2440
2231 78 2441
2231 78 2442
2231 78 2443
2231 78 2444
2231 78 2445
2231 78 2446
2232 78 2431
2232 78 2432
2232 78 2433
2232 78 2434
2232 78 2435
2232 78 2436
2232 78 2437
2232 78 2438
2232 78 2439
2232 78 2440
2232 78 2441
2232 78 2442
2232 78 2443
2232 78 2444
2232 78 2445
2232 78 2446
2232 78 2447
2232 78 2448
2233 78 2433
2233 78 2434
2233 78 2435
2233 78 2436
2233 78 2437
2233 78 2438
2233 78 2439
2233 78 2440
2233 78 2441
2233 78 2442
2233 78 2443
2233 78 2444
2233 78 2445
2233 78 2446
2233 78 2447
2233 78 2448
2233 78 2449
2233 78 2450
2234 78 2434
2234 78 2435
2234 78 2436
2234 78 2437
2234 78 2438
2234 78 2439
2234 78 2440
2234 78 2441
2234 78 2442
2234 78 2443
2234 78 2444
2234 78 2445
2234 78 2446
2234 78 2447
2234 78 2448
2234 78 2449
2234 78 2450
2234 78 2451
2234 78 2452
2235 78 2436
2235 78 2437
2235 78 2438
2235 78 2439
2235 78 2440
2235 78 2441
2235 78 2442
2235 78 2443
2235 78 2444
2235 78 2445
2235 78 2446
2235 78 2447
2235 78 2448
2235 78 2449
2235 78 2450
2235 78 2451
2235 78 2452
2235 78 2453
2235 78 2454
2236 78 2437
2236 78 2438
2236 78 2439
2236 78 2440
2236 78 2441
2236 78 2442
2236 78 2443
2236 78 2444
2236 78 2445
2236 78 2446
2236 78 2447
2236 78 2448
2236 78 2449
2236 78 2450
2236 78 2451
2236 78 2452
2236 78 2453
2236 78 2454
2236 78 2455
2237 78 2439
2237 78 2440
2237 78 2441
2237 78 2442
2237 78 2443
2237 78 2444
2237 78 2445
2237 78 2446
2237 78 2447
2237 78 2448
2237 78 2449
2237 78 2450
2237 78 2451
2237 78 2452
2237 78 2453
2237 78 2454
2237 78 2455
2237 78 2456
2237 78 2457
2237 78 2458
2238 78 2440
2238 78 2441
2238 78 2442
2238 78 2443
2238 78 2444
2238 78 2445
2238 78 2446
2238 78 2447
2238 78 2448
2238 78 2449
2238 78 2450
2238 78 2451
2238 78 2452
2238 78 2453
2238 78 2454
2238 78 2455
2238 78 2456
2238 78 2457
2238 78 2458
2238 78 2459
2238 78 2460
2239 78 2442
2239 78 2443
2239 78 2444
2239 78 2445
2239 78 2446
2239 78 2447
2239 78 2448
2239 78 2449
2239 78 2450
2239 78 2451
2239 78 2452
2239 78 2453
2239 78 2454
2239 78 2455
2239 78 2456
2239 78 2457
2239 78 2458
2239 78 2459
2239 78 2460
2239 78 2461
2239 78 2462
2239 78 2463
2240 78 2444
2240 78 2445
2240 78 2446
2240 78 2447
2240 78 2448
2240 78 2449
2240 78 2450
2240 78 2451
2240 78 2452
2240 78 2453
2240 78 2454
2240 78 2455
2240 78 2456
2240 78 2457
2240 78 2458
2240 78 2459
2240 78 2460
2240 78 2461
2240 78 2462
2240 78 2463
2240 78 2464
2240 78 2465
2241 78 2446
2241 78 2447
2241 78 2448
2241 78 2449
2241 78 2450
2241 78 2451
2241 78 2452
2241 78 2453
2241 78 2454
2241 78 2455
2241 78 2456
2241 78 2457
2241 78 2458
2241 78 2459
2241 78 2460
2241 78 2461
2241 78 2462
2241 78 2463
2241 78 2464
2241 78 2465
2241 78 2466
2241 78 2467
2241 78 2468
2242 78 2448
2242 78 2449
2242 78 2450
2242 78 2451
2242 78 2452
2242 78 2453
2242 78 2454
2242 78 2455
2242 78 2456
2242 78 2457
2242 78 2458
2242 78 2459
2242 78 2460
2242 78 2461
2242 78 2462
2242 78 2463
2242 78 2464
2242 78 2465
2242 78 2466
2242 78 2467
2242 78 2468
2242 78 2469
2242 78 2470
2242 78 2471
2243 78 2449
2243 78 2450
2243 78 2451
2243 78 2452
2243 78 2453
2243 78 2454
2243 78 2455
2243 78 2456
2243 78 2457
2243 78 2458
2243 78 2459
2243 78 2460
2243 78 2461
2243 78 2462
2243 78 2463
2243 78 2464
2243 78 2465
2243 78 2466
2243 78 2467
2243 78 2468
2243 78 2469
2243 78 2470
2243 78 2471
2243 78 2472
2243 78 2473
2243 78 2474
2243 78 2475
2244 78 2452
2244 78 2453
2244 78 2454
2244 78 2455
2244 78 2456
2244 78 2457
2244 78 2458
2244 78 2459
2244 78 2460
2244 78 2461
2244 78 2462
2244 78 2463
2244 78 2464
2244 78 2465
2244 78 2466
2244 78 2467
2244 78 2468
2244 78 2469
2244 78 2470
2244 78 2471
2244 78 2472
2244 78 2473
2244 78 2474
2244 78 2475
2244 78 2476
2244 78 2477
2244 78 2478
2244 78 2479
2245 78 2454
2245 78 2455
2245 78 2456
2245 78 2457
2245 78 2458
2245 78 2459
2245 78 2460
2245 78 2461
2245 78 2462
2245 78 2463
2245 78 2464
2245 78 2465
2245 78 2466
2245 78 2467
2245 78 2468
2245 78 2469
2245 78 2470
2245 78 2471
2245 78 2472
2245 78 2473
2245 78 2474
2245 78 2475
2245 78 2476
2245 78 2477
2245 78 2478
2245 78 2479
2245 78 2480
2245 78 2481
2245 78 2482
2245 78 2483
2245 78 2484
2246 78 2457
2246 78 2458
2246 78 2459
2246 78 2460
2246 78 2461
2246 78 2462
2246 78 2463
2246 78 2464
2246 78 2465
2246 78 2466
2246 78 2467
2246 78 2468
2246 78 2469
2246 78 2470
2246 78 2471
2246 78 2472
2246 78 2473
2246 78 2474
2246 78 2475
2246 78 2476
2246 78 2477
2246 78 2478
2246 78 2479
2246 78 2480
2246 78 2481
2246 78 2482
2246 78 2483
2246 78 2484
2246 78 2485
2246 78 2486
2246 78 2487
2246 78 2488
2246 78 2489
2246 78 2490
2246 78 2491
2246 78 2492
2247 78 2459
2247 78 2460
2247 78 2461
2247 78 2462
2247 78 2463
2247 78 2464
2247 78 2465
2247 78 2466
2247 78 2467
2247 78 2468
2247 78 2469
2247 78 2470
2247 78 2471
2247 78 2472
2247 78 2473
2247 78 2474
2247 78 2475
2247 78 2476
2247 78 2477
2247 78 2478
2247 78 2479
2247 78 2480
2247 78 2481
2247 78 2482
2247 78 2483
2247 78 2484
2247 78 2485
2247 78 2486
2247 78 2487
2247 78 2488
2247 78 2489
2247 78 2490
2247 78 2491
2247 78 2492
2247 78 2493
2247 78 2494
2247 78 2495
2247 78 2496
2247 78 2497
2247 78 2498
2247 78 2499
2247 78 2500
2247 78 2501
2247 78 2502
2247 78 2503
2248 78 2462
2248 78 2463
2248 78 2464
2248 78 2465
2248 78 2466
2248 78 2467
2248 78 2468
2248 78 2469
2248 78 2470
2248 78 2471
2248 78 2472
2248 78 2473
2248 78 2474
2248 78 2475
2248 78 2476
2248 78 2477
2248 78 2478
2248 78 2479
2248 78 2480
2248 78 2481
2248 78 2482
2248 78 2483
2248 78 2484
2248 78 2485
2248 78 2486
2248 78 2487
2248 78 2488
2248 78 2489
2248 78 2490
2248 78 2491
2248 78 2492
2248 78 2493
2248 78 2494
2248 78 2495
2248 78 2496
2248 78 2497
2248 78 2498
2248 78 2499
2248 78 2500
2248 78 2501
2248 78 2502
2248 78 2503
2249 78 2465
2249 78 2466
2249 78 2467
2249 78 2468
2249 78 2469
2249 78 2470
2249 78 2471
2249 78 2472
2249 78 2473
2249 78 2474
2249 78 2475
2249 78 2476
2249 78 2477
2249 78 2478
2249 78 2479
2249 78 2480
2249 78 2481
2249 78 2482
2249 78 2483
2249 78 2484
2249 78 2485
2249 78 2486
2249 78 2487
2249 78 2488
2249 78 2489
2249 78 2490
2249 78 2491
2249 78 2492
2249 78 2493
2249 78 2494
2249 78 2495
2249 78 2496
2249 78 2497
2249 78 2498
2249 78 2499
2249 78 2500
2249 78 2501
2249 78 2502
2249 78 2503
2250 78 2469
2250 78 2470
2250 78 2471
2250 78 2472
2250 78 2473
2250 78 2474
2250 78 2475
2250 78 2476
2250 78 2477
2250 78 2478
2250 78 2479
2250 78 2480
2250 78 2481
2250 78 2482
2250 78 2483
2250 78 2484
2250 78 2485
2250 78 2486
2250 78 2487
2250 78 2488
2250 78 2489
2250 78 2490
2250 78 2491
2250 78 2492
2250 78 2493
2250 78 2494
2250 78 2495
2250 78 2496
2250 78 2497
2250 78 2498
2250 78 2499
2250 78 2500
2250 78 2501
2250 78 2502
2250 78 2503
2251 78 2473
2251 78 2474
2251 78 2475
2251 78 2476
2251 78 2477
2251 78 2478
2251 78 2479
2251 78 2480
2251 78 2481
2251 78 2482
2251 78 2483
2251 78 2484
2251 78 2485
2251 78 2486
2251 78 2487
2251 78 2488
2251 78 2489
2251 78 2490
2251 78 2491
2251 78 2492
2251 78 2493
2251 78 2494
2251 78 2495
2251 78 2496
2251 78 2497
2251 78 2498
2251 78 2499
2251 78 2500
2251 78 2501
2251 78 2502
2251 78 2503
2252 78 2478
2252 78 2479
2252 78 2480
2252 78 2481
2252 78 2482
2252 78 2483
2252 78 2484
2252 78 2485
2252 78 2486
2252 78 2487
2252 78 2488
2252 78 2489
2252 78 2490
2252 78 2491
2252 78 2492
2252 78 2493
2252 78 2494
2252 78 2495
2252 78 2496
2252 78 2497
2252 78 2498
2252 78 2499
2252 78 2500
2252 78 2501
2252 78 2502
2252 78 2503
2253 78 2486
2253 78 2487
2253 78 2488
2253 78 2489
2253 78 2490
2253 78 2491
2253 78 2492
2253 78 2493
2253 78 2494
2253 78 2495
2253 78 2496
2253 78 2497
2253 78 2498
2253 78 2499
2253 78 2500
2253 78 2501
2253 78 2502
2253 78 2503
