100 80.0 50
101 80.0 51
102 80.0 52
103 80.0 53
104 80.0 54
105 80.0 55
105 80.0 56
106 80.0 56
106 80.0 57
107 80.0 57
107 80.0 58
108 80.0 58
108 80.0 59
109 80.0 60
110 80.0 61
111 80.0 62
111 80.0 63
112 80.0 64
113 80.0 65
113 80.0 66
114 80.0 66
114 80.0 67
115 80.0 67
115 80.0 68
116 80.0 69
116 80.0 70
117 80.0 71
118 80.0 72
118 80.0 73
119 80.0 73
119 80.0 74
119 80.0 75
120 80.0 75
120 80.0 76
121 80.0 77
121 80.0 78
122 80.0 79
122 80.0 80
123 80.0 80
123 80.0 81
123 80.0 82
124 80.0 82
124 80.0 83
125 80.0 84
125 80.0 85
126 80.0 86
126 80.0 87
127 80.0 88
127 80.0 89
128 80.0 89
128 80.0 90
128 80.0 91
129 80.0 92
129 80.0 93
130 80.0 94
130 80.0 95
130 80.0 96
131 80.0 96
131 80.0 97
131 80.0 98
132 80.0 99
132 80.0 100
132 80.0 101
133 80.0 101
133 80.0 102
133 80.0 103
134 80.0 103
134 80.0 104
134 80.0 105
134 80.0 106
135 80.0 106
135 80.0 107
135 80.0 108
136 80.0 109
136 80.0 110
136 80.0 111
137 80.0 112
137 80.0 113
137 80.0 114
138 80.0 115
138 80.0 116
138 80.0 117
138 80.0 118
139 80.0 118
139 80.0 119
139 80.0 120
139 80.0 121
140 80.0 122
140 80.0 123
140 80.0 124
141 80.0 125
141 80.0 126
141 80.0 127
141 80.0 128
142 80.0 129
142 80.0 130
142 80.0 131
142 80.0 132
143 80.0 133
143 80.0 134
143 80.0 135
143 80.0 136
144 80.0 137
144 80.0 138
144 80.0 139
144 80.0 140
144 80.0 141
145 80.0 142
145 80.0 143
145 80.0 144
145 80.0 145
145 80.0 146
145 80.0 147
146 80.0 147
146 80.0 148
146 80.0 149
146 80.0 150
146 80.0 151
146 80.0 152
146 80.0 153
147 80.0 154
147 80.0 155
147 80.0 156
147 80.0 157
147 80.0 158
147 80.0 159
147 80.0 160
148 80.0 160
148 80.0 161
148 80.0 162
148 80.0 163
148 80.0 164
148 80.0 165
148 80.0 166
148 80.0 167
148 80.0 168
148 80.0 169
149 80.0 169
149 80.0 170
149 80.0 171
149 80.0 172
149 80.0 173
149 80.0 174
149 80.0 175
149 80.0 176
149 80.0 177
149 80.0 178
149 80.0 179
149 80.0 180
149 80.0 181
149 80.0 182
150 80.0 182
150 80.0 183
150 80.0 184
150 80.0 185
150 80.0 186
150 80.0 187
150 80.0 188
150 80.0 189
150 80.0 190
150 80.0 191
150 80.0 192
150 80.0 193
150 80.0 194
150 80.0 195
150 80.0 196
150 80.0 197
150 80.0 198
150 80.0 199
150 80.0 200
150 80.0 201
150 80.0 202
150 80.0 203
150 80.0 204
150 80.0 205
150 80.0 206
150 80.0 207
150 80.0 208
150 80.0 209
150 80.0 210
150 80.0 211
150 80.0 212
150 80.0 213
151 80.0 214
151 80.0 215
151 80.0 216
151 80.0 217
151 80.0 218
151 80.0 219
151 80.0 220
151 80.0 221
151 80.0 222
151 80.0 223
151 80.0 224
152 80.0 224
152 80.0 225
152 80.0 226
152 80.0 227
152 80.0 228
152 80.0 229
152 80.0 230
152 80.0 231
153 80.0 232
153 80.0 233
153 80.0 234
153 80.0 235
153 80.0 236
154 80.0 237
154 80.0 238
154 80.0 239
154 80.0 240
154 80.0 241
155 80.0 242
155 80.0 243
155 80.0 244
155 80.0 245
155 80.0 246
156 80.0 247
156 80.0 248
156 80.0 249
156 80.0 250
157 80.0 251
157 80.0 252
157 80.0 253
158 80.0 254
158 80.0 255
158 80.0 256
159 80.0 257
159 80.0 258
159 80.0 259
160 80.0 260
160 80.0 261
160 80.0 262
161 80.0 263
161 80.0 264
161 80.0 265
162 80.0 266
162 80.0 267
163 80.0 268
163 80.0 269
164 80.0 270
164 80.0 271
165 80.0 272
165 80.0 273
166 80.0 274
166 80.0 275
167 80.0 276
167 80.0 277
168 80.0 278
168 80.0 279
169 80.0 280
170 80.0 281
170 80.0 282
171 80.0 283
172 80.0 284
172 80.0 285
173 80.0 285
173 80.0 286
174 80.0 287
175 80.0 288
175 80.0 289
176 80.0 289
177 80.0 290
178 80.0 291
179 80.0 292
180 80.0 293
181 80.0 293
181 80.0 294
182 80.0 294
183 80.0 295
184 80.0 295
184 80.0 296
185 80.0 296
186 80.0 297
187 80.0 297
188 80.0 297
188 80.0 298
189 80.0 298
190 80.0 298
191 80.0 299
192 80.0 299
193 80.0 299
194 80.0 299
195 80.0 300
196 80.0 300
197 80.0 300
198 80.0 300
199 80.0 300
200 80.0 300
