1364 73 800
1364 73 801
1364 73 802
1364 73 803
1364 73 804
1364 73 805
1364 73 806
1365 73 800
1365 73 801
1365 73 802
1365 73 803
1365 73 804
1365 73 805
1365 73 806
1366 73 800
1366 73 801
1366 73 802
1366 73 803
1366 73 804
1366 73 805
1366 73 806
1367 73 800
1367 73 801
1367 73 802
1367 73 803
1367 73 804
1367 73 805
1367 73 806
1368 73 800
1368 73 801
1368 73 802
1368 73 803
1368 73 804
1368 73 805
1368 73 806
1369 73 800
1369 73 801
1369 73 802
1369 73 803
1369 73 804
1369 73 805
1369 73 806
1370 73 800
1370 73 801
1370 73 802
1370 73 803
1370 73 804
1370 73 805
1370 73 806
1371 73 800
1371 73 801
1371 73 802
1371 73 803
1371 73 804
1371 73 805
1371 73 806
1372 73 800
1372 73 801
1372 73 802
1372 73 803
1372 73 804
1372 73 805
1372 73 806
1373 73 800
1373 73 801
1373 73 802
1373 73 803
1373 73 804
1373 73 805
1373 73 806
1374 73 800
1374 73 801
1374 73 802
1374 73 803
1374 73 804
1374 73 805
1374 73 806
1375 73 800
1375 73 801
1375 73 802
1375 73 803
1375 73 804
1375 73 805
1375 73 806
1376 73 800
1376 73 801
1376 73 802
1376 73 803
1376 73 804
1376 73 805
1376 73 806
1377 73 800
1377 73 801
1377 73 802
1377 73 803
1377 73 804
1377 73 805
1377 73 806
1378 73 800
1378 73 801
1378 73 802
1378 73 803
1378 73 804
1378 73 805
1378 73 806
1379 73 800
1379 73 801
1379 73 802
1379 73 803
1379 73 804
1379 73 805
1379 73 806
1380 73 800
1380 73 801
1380 73 802
1380 73 803
1380 73 804
1380 73 805
1380 73 806
1381 73 800
1381 73 801
1381 73 802
1381 73 803
1381 73 804
1381 73 805
1381 73 806
1382 73 800
1382 73 801
1382 73 802
1382 73 803
1382 73 804
1382 73 805
1382 73 806
1383 73 800
1383 73 801
1383 73 802
1383 73 803
1383 73 804
1383 73 805
1383 73 806
1384 73 800
1384 73 801
1384 73 802
1384 73 803
1384 73 804
1384 73 805
1384 73 806
1385 73 800
1385 73 801
1385 73 802
1385 73 803
1385 73 804
1385 73 805
1385 73 806
1386 73 800
1386 73 801
1386 73 802
1386 73 803
1386 73 804
1386 73 805
1386 73 806
1387 73 800
1387 73 801
1387 73 802
1387 73 803
1387 73 804
1387 73 805
1387 73 806
1388 73 800
1388 73 801
1388 73 802
1388 73 803
1388 73 804
1388 73 805
1388 73 806
1389 73 800
1389 73 801
1389 73 802
1389 73 803
1389 73 804
1389 73 805
1389 73 806
1390 73 800
1390 73 801
1390 73 802
1390 73 803
1390 73 804
1390 73 805
1390 73 806
1391 73 800
1391 73 801
1391 73 802
1391 73 803
1391 73 804
1391 73 805
1391 73 806
1392 73 800
1392 73 801
1392 73 802
1392 73 803
1392 73 804
1392 73 805
1392 73 806
1393 73 800
1393 73 801
1393 73 802
1393 73 803
1393 73 804
1393 73 805
1393 73 806
1394 73 800
1394 73 801
1394 73 802
1394 73 803
1394 73 804
1394 73 805
1394 73 806
1395 73 800
1395 73 801
1395 73 802
1395 73 803
1395 73 804
1395 73 805
1395 73 806
1396 73 800
1396 73 801
1396 73 802
1396 73 803
1396 73 804
1396 73 805
1396 73 806
1397 73 800
1397 73 801
1397 73 802
1397 73 803
1397 73 804
1397 73 805
1397 73 806
1398 73 800
1398 73 801
1398 73 802
1398 73 803
1398 73 804
1398 73 805
1398 73 806
1399 73 800
1399 73 801
1399 73 802
1399 73 803
1399 73 804
1399 73 805
1399 73 806
1400 73 800
1400 73 801
1400 73 802
1400 73 803
1400 73 804
1400 73 805
1400 73 806
1401 73 800
1401 73 801
1401 73 802
1401 73 803
1401 73 804
1401 73 805
1401 73 806
1402 73 800
1402 73 801
1402 73 802
1402 73 803
1402 73 804
1402 73 805
1402 73 806
1403 73 800
1403 73 801
1403 73 802
1403 73 803
1403 73 804
1403 73 805
1403 73 806
1404 73 800
1404 73 801
1404 73 802
1404 73 803
1404 73 804
1404 73 805
1404 73 806
1405 73 800
1405 73 801
1405 73 802
1405 73 803
1405 73 804
1405 73 805
1405 73 806
1406 73 800
1406 73 801
1406 73 802
1406 73 803
1406 73 804
1406 73 805
1406 73 806
1407 73 800
1407 73 801
1407 73 802
1407 73 803
1407 73 804
1407 73 805
1407 73 806
1408 73 800
1408 73 801
1408 73 802
1408 73 803
1408 73 804
1408 73 805
1408 73 806
1409 73 800
1409 73 801
1409 73 802
1409 73 803
1409 73 804
1409 73 805
1409 73 806
1410 73 800
1410 73 801
1410 73 802
1410 73 803
1410 73 804
1410 73 805
1410 73 806
1411 73 800
1411 73 801
1411 73 802
1411 73 803
1411 73 804
1411 73 805
1411 73 806
1412 73 800
1412 73 801
1412 73 802
1412 73 803
1412 73 804
1412 73 805
1412 73 806
1413 73 800
1413 73 801
1413 73 802
1413 73 803
1413 73 804
1413 73 805
1413 73 806
1414 73 800
1414 73 801
1414 73 802
1414 73 803
1414 73 804
1414 73 805
1414 73 806
1415 73 800
1415 73 801
1415 73 802
1415 73 803
1415 73 804
1415 73 805
1415 73 806
1416 73 800
1416 73 801
1416 73 802
1416 73 803
1416 73 804
1416 73 805
1416 73 806
1417 73 800
1417 73 801
1417 73 802
1417 73 803
1417 73 804
1417 73 805
1417 73 806
1418 73 800
1418 73 801
1418 73 802
1418 73 803
1418 73 804
1418 73 805
1418 73 806
1419 73 800
1419 73 801
1419 73 802
1419 73 803
1419 73 804
1419 73 805
1419 73 806
1420 73 800
1420 73 801
1420 73 802
1420 73 803
1420 73 804
1420 73 805
1420 73 806
1421 73 800
1421 73 801
1421 73 802
1421 73 803
1421 73 804
1421 73 805
1421 73 806
1422 73 800
1422 73 801
1422 73 802
1422 73 803
1422 73 804
1422 73 805
1422 73 806
1423 73 800
1423 73 801
1423 73 802
1423 73 803
1423 73 804
1423 73 805
1423 73 806
1424 73 800
1424 73 801
1424 73 802
1424 73 803
1424 73 804
1424 73 805
1424 73 806
1425 73 800
1425 73 801
1425 73 802
1425 73 803
1425 73 804
1425 73 805
1425 73 806
1426 73 800
1426 73 801
1426 73 802
1426 73 803
1426 73 804
1426 73 805
1426 73 806
1427 73 800
1427 73 801
1427 73 802
1427 73 803
1427 73 804
1427 73 805
1427 73 806
1428 73 800
1428 73 801
1428 73 802
1428 73 803
1428 73 804
1428 73 805
1428 73 806
1429 73 800
1429 73 801
1429 73 802
1429 73 803
1429 73 804
1429 73 805
1429 73 806
1430 73 800
1430 73 801
1430 73 802
1430 73 803
1430 73 804
1430 73 805
1430 73 806
1431 73 800
1431 73 801
1431 73 802
1431 73 803
1431 73 804
1431 73 805
1431 73 806
1432 73 800
1432 73 801
1432 73 802
1432 73 803
1432 73 804
1432 73 805
1432 73 806
1433 73 800
1433 73 801
1433 73 802
1433 73 803
1433 73 804
1433 73 805
1433 73 806
1434 73 800
1434 73 801
1434 73 802
1434 73 803
1434 73 804
1434 73 805
1434 73 806
1435 73 800
1435 73 801
1435 73 802
1435 73 803
1435 73 804
1435 73 805
1435 73 806
1436 73 800
1436 73 801
1436 73 802
1436 73 803
1436 73 804
1436 73 805
1436 73 806
1437 73 800
1437 73 801
1437 73 802
1437 73 803
1437 73 804
1437 73 805
1437 73 806
1438 73 800
1438 73 801
1438 73 802
1438 73 803
1438 73 804
1438 73 805
1438 73 806
1439 73 800
1439 73 801
1439 73 802
1439 73 803
1439 73 804
1439 73 805
1439 73 806
1440 73 800
1440 73 801
1440 73 802
1440 73 803
1440 73 804
1440 73 805
1440 73 806
1441 73 800
1441 73 801
1441 73 802
1441 73 803
1441 73 804
1441 73 805
1441 73 806
1442 73 800
1442 73 801
1442 73 802
1442 73 803
1442 73 804
1442 73 805
1442 73 806
1443 73 800
1443 73 801
1443 73 802
1443 73 803
1443 73 804
1443 73 805
1443 73 806
1444 73 800
1444 73 801
1444 73 802
1444 73 803
1444 73 804
1444 73 805
1444 73 806
1445 73 800
1445 73 801
1445 73 802
1445 73 803
1445 73 804
1445 73 805
1445 73 806
1446 73 800
1446 73 801
1446 73 802
1446 73 803
1446 73 804
1446 73 805
1446 73 806
1447 73 800
1447 73 801
1447 73 802
1447 73 803
1447 73 804
1447 73 805
1447 73 806
1448 73 800
1448 73 801
1448 73 802
1448 73 803
1448 73 804
1448 73 805
1448 73 806
1449 73 800
1449 73 801
1449 73 802
1449 73 803
1449 73 804
1449 73 805
1449 73 806
1450 73 800
1450 73 801
1450 73 802
1450 73 803
1450 73 804
1450 73 805
1450 73 806
1451 73 800
1451 73 801
1451 73 802
1451 73 803
1451 73 804
1451 73 805
1451 73 806
1452 73 800
1452 73 801
1452 73 802
1452 73 803
1452 73 804
1452 73 805
1452 73 806
1453 73 800
1453 73 801
1453 73 802
1453 73 803
1453 73 804
1453 73 805
1453 73 806
1454 73 800
1454 73 801
1454 73 802
1454 73 803
1454 73 804
1454 73 805
1454 73 806
1455 73 800
1455 73 801
1455 73 802
1455 73 803
1455 73 804
1455 73 805
1455 73 806
1456 73 800
1456 73 801
1456 73 802
1456 73 803
1456 73 804
1456 73 805
1456 73 806
1457 73 800
1457 73 801
1457 73 802
1457 73 803
1457 73 804
1457 73 805
1457 73 806
1458 73 800
1458 73 801
1458 73 802
1458 73 803
1458 73 804
1458 73 805
1458 73 806
1459 73 800
1459 73 801
1459 73 802
1459 73 803
1459 73 804
1459 73 805
1459 73 806
1460 73 800
1460 73 801
1460 73 802
1460 73 803
1460 73 804
1460 73 805
1460 73 806
1461 73 800
1461 73 801
1461 73 802
1461 73 803
1461 73 804
1461 73 805
1461 73 806
1462 73 800
1462 73 801
1462 73 802
1462 73 803
1462 73 804
1462 73 805
1462 73 806
1463 73 800
1463 73 801
1463 73 802
1463 73 803
1463 73 804
1463 73 805
1463 73 806
1464 73 800
1464 73 801
1464 73 802
1464 73 803
1464 73 804
1464 73 805
1464 73 806
1465 73 800
1465 73 801
1465 73 802
1465 73 803
1465 73 804
1465 73 805
1465 73 806
1466 73 800
1466 73 801
1466 73 802
1466 73 803
1466 73 804
1466 73 805
1466 73 806
1467 73 800
1467 73 801
1467 73 802
1467 73 803
1467 73 804
1467 73 805
1467 73 806
1468 73 800
1468 73 801
1468 73 802
1468 73 803
1468 73 804
1468 73 805
1468 73 806
1469 73 800
1469 73 801
1469 73 802
1469 73 803
1469 73 804
1469 73 805
1469 73 806
1470 73 800
1470 73 801
1470 73 802
1470 73 803
1470 73 804
1470 73 805
1470 73 806
1471 73 800
1471 73 801
1471 73 802
1471 73 803
1471 73 804
1471 73 805
1471 73 806
1472 73 800
1472 73 801
1472 73 802
1472 73 803
1472 73 804
1472 73 805
1472 73 806
1473 73 800
1473 73 801
1473 73 802
1473 73 803
1473 73 804
1473 73 805
1473 73 806
1474 73 800
1474 73 801
1474 73 802
1474 73 803
1474 73 804
1474 73 805
1474 73 806
1475 73 800
1475 73 801
1475 73 802
1475 73 803
1475 73 804
1475 73 805
1475 73 806
1476 73 800
1476 73 801
1476 73 802
1476 73 803
1476 73 804
1476 73 805
1476 73 806
1477 73 800
1477 73 801
1477 73 802
1477 73 803
1477 73 804
1477 73 805
1477 73 806
1478 73 800
1478 73 801
1478 73 802
1478 73 803
1478 73 804
1478 73 805
1478 73 806
1479 73 800
1479 73 801
1479 73 802
1479 73 803
1479 73 804
1479 73 805
1479 73 806
1480 73 800
1480 73 801
1480 73 802
1480 73 803
1480 73 804
1480 73 805
1480 73 806
1481 73 800
1481 73 801
1481 73 802
1481 73 803
1481 73 804
1481 73 805
1481 73 806
1482 73 800
1482 73 801
1482 73 802
1482 73 803
1482 73 804
1482 73 805
1482 73 806
1483 73 800
1483 73 801
1483 73 802
1483 73 803
1483 73 804
1483 73 805
1483 73 806
1484 73 800
1484 73 801
1484 73 802
1484 73 803
1484 73 804
1484 73 805
1484 73 806
1485 73 800
1485 73 801
1485 73 802
1485 73 803
1485 73 804
1485 73 805
1485 73 806
1486 73 800
1486 73 801
1486 73 802
1486 73 803
1486 73 804
1486 73 805
1486 73 806
1487 73 800
1487 73 801
1487 73 802
1487 73 803
1487 73 804
1487 73 805
1487 73 806
1488 73 800
1488 73 801
1488 73 802
1488 73 803
1488 73 804
1488 73 805
1488 73 806
1489 73 800
1489 73 801
1489 73 802
1489 73 803
1489 73 804
1489 73 805
1489 73 806
1490 73 800
1490 73 801
1490 73 802
1490 73 803
1490 73 804
1490 73 805
1490 73 806
1491 73 800
1491 73 801
1491 73 802
1491 73 803
1491 73 804
1491 73 805
1491 73 806
1492 73 800
1492 73 801
1492 73 802
1492 73 803
1492 73 804
1492 73 805
1492 73 806
1493 73 800
1493 73 801
1493 73 802
1493 73 803
1493 73 804
1493 73 805
1493 73 806
1494 73 800
1494 73 801
1494 73 802
1494 73 803
1494 73 804
1494 73 805
1494 73 806
1495 73 800
1495 73 801
1495 73 802
1495 73 803
1495 73 804
1495 73 805
1495 73 806
1496 73 800
1496 73 801
1496 73 802
1496 73 803
1496 73 804
1496 73 805
1496 73 806
1497 73 800
1497 73 801
1497 73 802
1497 73 803
1497 73 804
1497 73 805
1497 73 806
1498 73 800
1498 73 801
1498 73 802
1498 73 803
1498 73 804
1498 73 805
1498 73 806
1499 73 800
1499 73 801
1499 73 802
1499 73 803
1499 73 804
1499 73 805
1499 73 806
1500 73 800
1500 73 801
1500 73 802
1500 73 803
1500 73 804
1500 73 805
1500 73 806
1501 73 800
1501 73 801
1501 73 802
1501 73 803
1501 73 804
1501 73 805
1501 73 806
1502 73 800
1502 73 801
1502 73 802
1502 73 803
1502 73 804
1502 73 805
1502 73 806
1503 73 800
1503 73 801
1503 73 802
1503 73 803
1503 73 804
1503 73 805
1503 73 806
1504 73 800
1504 73 801
1504 73 802
1504 73 803
1504 73 804
1504 73 805
1504 73 806
1505 73 800
1505 73 801
1505 73 802
1505 73 803
1505 73 804
1505 73 805
1505 73 806
1506 73 800
1506 73 801
1506 73 802
1506 73 803
1506 73 804
1506 73 805
1506 73 806
1507 73 800
1507 73 801
1507 73 802
1507 73 803
1507 73 804
1507 73 805
1507 73 806
1508 73 800
1508 73 801
1508 73 802
1508 73 803
1508 73 804
1508 73 805
1508 73 806
1509 73 800
1509 73 801
1509 73 802
1509 73 803
1509 73 804
1509 73 805
1509 73 806
1510 73 800
1510 73 801
1510 73 802
1510 73 803
1510 73 804
1510 73 805
1510 73 806
1511 73 800
1511 73 801
1511 73 802
1511 73 803
1511 73 804
1511 73 805
1511 73 806
1512 73 800
1512 73 801
1512 73 802
1512 73 803
1512 73 804
1512 73 805
1512 73 806
1513 73 800
1513 73 801
1513 73 802
1513 73 803
1513 73 804
1513 73 805
1513 73 806
1514 73 800
1514 73 801
1514 73 802
1514 73 803
1514 73 804
1514 73 805
1514 73 806
1515 73 800
1515 73 801
1515 73 802
1515 73 803
1515 73 804
1515 73 805
1515 73 806
1516 73 800
1516 73 801
1516 73 802
1516 73 803
1516 73 804
1516 73 805
1516 73 806
1517 73 800
1517 73 801
1517 73 802
1517 73 803
1517 73 804
1517 73 805
1517 73 806
1518 73 800
1518 73 801
1518 73 802
1518 73 803
1518 73 804
1518 73 805
1518 73 806
1519 73 800
1519 73 801
1519 73 802
1519 73 803
1519 73 804
1519 73 805
1519 73 806
1520 73 800
1520 73 801
1520 73 802
1520 73 803
1520 73 804
1520 73 805
1520 73 806
1521 73 800
1521 73 801
1521 73 802
1521 73 803
1521 73 804
1521 73 805
1521 73 806
1522 73 800
1522 73 801
1522 73 802
1522 73 803
1522 73 804
1522 73 805
1522 73 806
1523 73 800
1523 73 801
1523 73 802
1523 73 803
1523 73 804
1523 73 805
1523 73 806
1524 73 800
1524 73 801
1524 73 802
1524 73 803
1524 73 804
1524 73 805
1524 73 806
1525 73 800
1525 73 801
1525 73 802
1525 73 803
1525 73 804
1525 73 805
1525 73 806
1526 73 800
1526 73 801
1526 73 802
1526 73 803
1526 73 804
1526 73 805
1526 73 806
1527 73 800
1527 73 801
1527 73 802
1527 73 803
1527 73 804
1527 73 805
1527 73 806
1528 73 800
1528 73 801
1528 73 802
1528 73 803
1528 73 804
1528 73 805
1528 73 806
1529 73 800
1529 73 801
1529 73 802
1529 73 803
1529 73 804
1529 73 805
1529 73 806
1530 73 800
1530 73 801
1530 73 802
1530 73 803
1530 73 804
1530 73 805
1530 73 806
1531 73 800
1531 73 801
1531 73 802
1531 73 803
1531 73 804
1531 73 805
1531 73 806
1532 73 800
1532 73 801
1532 73 802
1532 73 803
1532 73 804
1532 73 805
1532 73 806
1533 73 800
1533 73 801
1533 73 802
1533 73 803
1533 73 804
1533 73 805
1533 73 806
1534 73 800
1534 73 801
1534 73 802
1534 73 803
1534 73 804
1534 73 805
1534 73 806
1535 73 800
1535 73 801
1535 73 802
1535 73 803
1535 73 804
1535 73 805
1535 73 806
1536 73 800
1536 73 801
1536 73 802
1536 73 803
1536 73 804
1536 73 805
1536 73 806
1537 73 800
1537 73 801
1537 73 802
1537 73 803
1537 73 804
1537 73 805
1537 73 806
1538 73 800
1538 73 801
1538 73 802
1538 73 803
1538 73 804
1538 73 805
1538 73 806
1539 73 800
1539 73 801
1539 73 802
1539 73 803
1539 73 804
1539 73 805
1539 73 806
1540 73 800
1540 73 801
1540 73 802
1540 73 803
1540 73 804
1540 73 805
1540 73 806
1541 73 800
1541 73 801
1541 73 802
1541 73 803
1541 73 804
1541 73 805
1541 73 806
1542 73 800
1542 73 801
1542 73 802
1542 73 803
1542 73 804
1542 73 805
1542 73 806
1543 73 800
1543 73 801
1543 73 802
1543 73 803
1543 73 804
1543 73 805
1543 73 806
1544 73 800
1544 73 801
1544 73 802
1544 73 803
1544 73 804
1544 73 805
1544 73 806
1545 73 800
1545 73 801
1545 73 802
1545 73 803
1545 73 804
1545 73 805
1545 73 806
1546 73 800
1546 73 801
1546 73 802
1546 73 803
1546 73 804
1546 73 805
1546 73 806
1547 73 800
1547 73 801
1547 73 802
1547 73 803
1547 73 804
1547 73 805
1547 73 806
1548 73 800
1548 73 801
1548 73 802
1548 73 803
1548 73 804
1548 73 805
1548 73 806
1549 73 800
1549 73 801
1549 73 802
1549 73 803
1549 73 804
1549 73 805
1549 73 806
1550 73 800
1550 73 801
1550 73 802
1550 73 803
1550 73 804
1550 73 805
1550 73 806
1551 73 800
1551 73 801
1551 73 802
1551 73 803
1551 73 804
1551 73 805
1551 73 806
1552 73 800
1552 73 801
1552 73 802
1552 73 803
1552 73 804
1552 73 805
1552 73 806
1553 73 800
1553 73 801
1553 73 802
1553 73 803
1553 73 804
1553 73 805
1553 73 806
1554 73 800
1554 73 801
1554 73 802
1554 73 803
1554 73 804
1554 73 805
1554 73 806
1555 73 800
1555 73 801
1555 73 802
1555 73 803
1555 73 804
1555 73 805
1555 73 806
1556 73 800
1556 73 801
1556 73 802
1556 73 803
1556 73 804
1556 73 805
1556 73 806
1557 73 800
1557 73 801
1557 73 802
1557 73 803
1557 73 804
1557 73 805
1557 73 806
1558 73 800
1558 73 801
1558 73 802
1558 73 803
1558 73 804
1558 73 805
1558 73 806
1559 73 800
1559 73 801
1559 73 802
1559 73 803
1559 73 804
1559 73 805
1559 73 806
1560 73 800
1560 73 801
1560 73 802
1560 73 803
1560 73 804
1560 73 805
1560 73 806
1561 73 800
1561 73 801
1561 73 802
1561 73 803
1561 73 804
1561 73 805
1561 73 806
1562 73 800
1562 73 801
1562 73 802
1562 73 803
1562 73 804
1562 73 805
1562 73 806
1563 73 800
1563 73 801
1563 73 802
1563 73 803
1563 73 804
1563 73 805
1563 73 806
1564 73 800
1564 73 801
1564 73 802
1564 73 803
1564 73 804
1564 73 805
1564 73 806
1565 73 800
1565 73 801
1565 73 802
1565 73 803
1565 73 804
1565 73 805
1565 73 806
1566 73 800
1566 73 801
1566 73 802
1566 73 803
1566 73 804
1566 73 805
1566 73 806
1567 73 800
1567 73 801
1567 73 802
1567 73 803
1567 73 804
1567 73 805
1567 73 806
1568 73 800
1568 73 801
1568 73 802
1568 73 803
1568 73 804
1568 73 805
1568 73 806
1569 73 800
1569 73 801
1569 73 802
1569 73 803
1569 73 804
1569 73 805
1569 73 806
1570 73 800
1570 73 801
1570 73 802
1570 73 803
1570 73 804
1570 73 805
1570 73 806
1571 73 800
1571 73 801
1571 73 802
1571 73 803
1571 73 804
1571 73 805
1571 73 806
1572 73 800
1572 73 801
1572 73 802
1572 73 803
1572 73 804
1572 73 805
1572 73 806
1573 73 800
1573 73 801
1573 73 802
1573 73 803
1573 73 804
1573 73 805
1573 73 806
1574 73 800
1574 73 801
1574 73 802
1574 73 803
1574 73 804
1574 73 805
1574 73 806
1575 73 800
1575 73 801
1575 73 802
1575 73 803
1575 73 804
1575 73 805
1575 73 806
1576 73 800
1576 73 801
1576 73 802
1576 73 803
1576 73 804
1576 73 805
1576 73 806
1577 73 800
1577 73 801
1577 73 802
1577 73 803
1577 73 804
1577 73 805
1577 73 806
1578 73 800
1578 73 801
1578 73 802
1578 73 803
1578 73 804
1578 73 805
1578 73 806
1579 73 800
1579 73 801
1579 73 802
1579 73 803
1579 73 804
1579 73 805
1579 73 806
1580 73 800
1580 73 801
1580 73 802
1580 73 803
1580 73 804
1580 73 805
1580 73 806
1581 73 800
1581 73 801
1581 73 802
1581 73 803
1581 73 804
1581 73 805
1581 73 806
1582 73 800
1582 73 801
1582 73 802
1582 73 803
1582 73 804
1582 73 805
1582 73 806
1583 73 800
1583 73 801
1583 73 802
1583 73 803
1583 73 804
1583 73 805
1583 73 806
1584 73 800
1584 73 801
1584 73 802
1584 73 803
1584 73 804
1584 73 805
1584 73 806
1585 73 800
1585 73 801
1585 73 802
1585 73 803
1585 73 804
1585 73 805
1585 73 806
1586 73 800
1586 73 801
1586 73 802
1586 73 803
1586 73 804
1586 73 805
1586 73 806
1587 73 800
1587 73 801
1587 73 802
1587 73 803
1587 73 804
1587 73 805
1587 73 806
1588 73 800
1588 73 801
1588 73 802
1588 73 803
1588 73 804
1588 73 805
1588 73 806
1589 73 800
1589 73 801
1589 73 802
1589 73 803
1589 73 804
1589 73 805
1589 73 806
1590 73 800
1590 73 801
1590 73 802
1590 73 803
1590 73 804
1590 73 805
1590 73 806
1591 73 800
1591 73 801
1591 73 802
1591 73 803
1591 73 804
1591 73 805
1591 73 806
1592 73 800
1592 73 801
1592 73 802
1592 73 803
1592 73 804
1592 73 805
1592 73 806
1593 73 800
1593 73 801
1593 73 802
1593 73 803
1593 73 804
1593 73 805
1593 73 806
1594 73 800
1594 73 801
1594 73 802
1594 73 803
1594 73 804
1594 73 805
1594 73 806
1595 73 800
1595 73 801
1595 73 802
1595 73 803
1595 73 804
1595 73 805
1595 73 806
1596 73 800
1596 73 801
1596 73 802
1596 73 803
1596 73 804
1596 73 805
1596 73 806
1597 73 800
1597 73 801
1597 73 802
1597 73 803
1597 73 804
1597 73 805
1597 73 806
1598 73 800
1598 73 801
1598 73 802
1598 73 803
1598 73 804
1598 73 805
1598 73 806
1599 73 800
1599 73 801
1599 73 802
1599 73 803
1599 73 804
1599 73 805
1599 73 806
1600 73 800
1600 73 801
1600 73 802
1600 73 803
1600 73 804
1600 73 805
1600 73 806
1601 73 800
1601 73 801
1601 73 802
1601 73 803
1601 73 804
1601 73 805
1601 73 806
1602 73 800
1602 73 801
1602 73 802
1602 73 803
1602 73 804
1602 73 805
1602 73 806
1603 73 800
1603 73 801
1603 73 802
1603 73 803
1603 73 804
1603 73 805
1603 73 806
1604 73 800
1604 73 801
1604 73 802
1604 73 803
1604 73 804
1604 73 805
1604 73 806
1605 73 800
1605 73 801
1605 73 802
1605 73 803
1605 73 804
1605 73 805
1605 73 806
1606 73 800
1606 73 801
1606 73 802
1606 73 803
1606 73 804
1606 73 805
1606 73 806
1607 73 800
1607 73 801
1607 73 802
1607 73 803
1607 73 804
1607 73 805
1607 73 806
1608 73 800
1608 73 801
1608 73 802
1608 73 803
1608 73 804
1608 73 805
1608 73 806
1609 73 800
1609 73 801
1609 73 802
1609 73 803
1609 73 804
1609 73 805
1609 73 806
1610 73 800
1610 73 801
1610 73 802
1610 73 803
1610 73 804
1610 73 805
1610 73 806
1611 73 800
1611 73 801
1611 73 802
1611 73 803
1611 73 804
1611 73 805
1611 73 806
1612 73 800
1612 73 801
1612 73 802
1612 73 803
1612 73 804
1612 73 805
1612 73 806
1613 73 800
1613 73 801
1613 73 802
1613 73 803
1613 73 804
1613 73 805
1613 73 806
1614 73 800
1614 73 801
1614 73 802
1614 73 803
1614 73 804
1614 73 805
1614 73 806
1615 73 800
1615 73 801
1615 73 802
1615 73 803
1615 73 804
1615 73 805
1615 73 806
1616 73 800
1616 73 801
1616 73 802
1616 73 803
1616 73 804
1616 73 805
1616 73 806
1617 73 800
1617 73 801
1617 73 802
1617 73 803
1617 73 804
1617 73 805
1617 73 806
1618 73 800
1618 73 801
1618 73 802
1618 73 803
1618 73 804
1618 73 805
1618 73 806
1619 73 800
1619 73 801
1619 73 802
1619 73 803
1619 73 804
1619 73 805
1619 73 806
1620 73 800
1620 73 801
1620 73 802
1620 73 803
1620 73 804
1620 73 805
1620 73 806
1621 73 800
1621 73 801
1621 73 802
1621 73 803
1621 73 804
1621 73 805
1621 73 806
1622 73 800
1622 73 801
1622 73 802
1622 73 803
1622 73 804
1622 73 805
1622 73 806
1623 73 800
1623 73 801
1623 73 802
1623 73 803
1623 73 804
1623 73 805
1623 73 806
1624 73 800
1624 73 801
1624 73 802
1624 73 803
1624 73 804
1624 73 805
1624 73 806
1625 73 800
1625 73 801
1625 73 802
1625 73 803
1625 73 804
1625 73 805
1625 73 806
1626 73 800
1626 73 801
1626 73 802
1626 73 803
1626 73 804
1626 73 805
1626 73 806
1627 73 800
1627 73 801
1627 73 802
1627 73 803
1627 73 804
1627 73 805
1627 73 806
1628 73 800
1628 73 801
1628 73 802
1628 73 803
1628 73 804
1628 73 805
1628 73 806
1629 73 800
1629 73 801
1629 73 802
1629 73 803
1629 73 804
1629 73 805
1629 73 806
1630 73 800
1630 73 801
1630 73 802
1630 73 803
1630 73 804
1630 73 805
1630 73 806
1631 73 800
1631 73 801
1631 73 802
1631 73 803
1631 73 804
1631 73 805
1631 73 806
1632 73 800
1632 73 801
1632 73 802
1632 73 803
1632 73 804
1632 73 805
1632 73 806
1633 73 800
1633 73 801
1633 73 802
1633 73 803
1633 73 804
1633 73 805
1633 73 806
1634 73 800
1634 73 801
1634 73 802
1634 73 803
1634 73 804
1634 73 805
1634 73 806
1635 73 800
1635 73 801
1635 73 802
1635 73 803
1635 73 804
1635 73 805
1635 73 806
1636 73 800
1636 73 801
1636 73 802
1636 73 803
1636 73 804
1636 73 805
1636 73 806
1637 73 800
1637 73 801
1637 73 802
1637 73 803
1637 73 804
1637 73 805
1637 73 806
1638 73 800
1638 73 801
1638 73 802
1638 73 803
1638 73 804
1638 73 805
1638 73 806
1639 73 800
1639 73 801
1639 73 802
1639 73 803
1639 73 804
1639 73 805
1639 73 806
1640 73 800
1640 73 801
1640 73 802
1640 73 803
1640 73 804
1640 73 805
1640 73 806
1641 73 800
1641 73 801
1641 73 802
1641 73 803
1641 73 804
1641 73 805
1641 73 806
1642 73 800
1642 73 801
1642 73 802
1642 73 803
1642 73 804
1642 73 805
1642 73 806
1643 73 800
1643 73 801
1643 73 802
1643 73 803
1643 73 804
1643 73 805
1643 73 806
1644 73 800
1644 73 801
1644 73 802
1644 73 803
1644 73 804
1644 73 805
1644 73 806
1645 73 800
1645 73 801
1645 73 802
1645 73 803
1645 73 804
1645 73 805
1645 73 806
1646 73 800
1646 73 801
1646 73 802
1646 73 803
1646 73 804
1646 73 805
1646 73 806
1647 73 800
1647 73 801
1647 73 802
1647 73 803
1647 73 804
1647 73 805
1647 73 806
1648 73 800
1648 73 801
1648 73 802
1648 73 803
1648 73 804
1648 73 805
1648 73 806
1649 73 800
1649 73 801
1649 73 802
1649 73 803
1649 73 804
1649 73 805
1649 73 806
1650 73 800
1650 73 801
1650 73 802
1650 73 803
1650 73 804
1650 73 805
1650 73 806
1651 73 800
1651 73 801
1651 73 802
1651 73 803
1651 73 804
1651 73 805
1651 73 806
1652 73 800
1652 73 801
1652 73 802
1652 73 803
1652 73 804
1652 73 805
1652 73 806
1653 73 800
1653 73 801
1653 73 802
1653 73 803
1653 73 804
1653 73 805
1653 73 806
1654 73 800
1654 73 801
1654 73 802
1654 73 803
1654 73 804
1654 73 805
1654 73 806
1655 73 800
1655 73 801
1655 73 802
1655 73 803
1655 73 804
1655 73 805
1655 73 806
1656 73 800
1656 73 801
1656 73 802
1656 73 803
1656 73 804
1656 73 805
1656 73 806
1657 73 800
1657 73 801
1657 73 802
1657 73 803
1657 73 804
1657 73 805
1657 73 806
1658 73 800
1658 73 801
1658 73 802
1658 73 803
1658 73 804
1658 73 805
1658 73 806
1659 73 800
1659 73 801
1659 73 802
1659 73 803
1659 73 804
1659 73 805
1659 73 806
1660 73 800
1660 73 801
1660 73 802
1660 73 803
1660 73 804
1660 73 805
1660 73 806
1661 73 800
1661 73 801
1661 73 802
1661 73 803
1661 73 804
1661 73 805
1661 73 806
1662 73 800
1662 73 801
1662 73 802
1662 73 803
1662 73 804
1662 73 805
1662 73 806
1663 73 800
1663 73 801
1663 73 802
1663 73 803
1663 73 804
1663 73 805
1663 73 806
1664 73 800
1664 73 801
1664 73 802
1664 73 803
1664 73 804
1664 73 805
1664 73 806
1665 73 800
1665 73 801
1665 73 802
1665 73 803
1665 73 804
1665 73 805
1665 73 806
1666 73 800
1666 73 801
1666 73 802
1666 73 803
1666 73 804
1666 73 805
1666 73 806
1667 73 800
1667 73 801
1667 73 802
1667 73 803
1667 73 804
1667 73 805
1667 73 806
1668 73 800
1668 73 801
1668 73 802
1668 73 803
1668 73 804
1668 73 805
1668 73 806
1669 73 800
1669 73 801
1669 73 802
1669 73 803
1669 73 804
1669 73 805
1669 73 806
1670 73 800
1670 73 801
1670 73 802
1670 73 803
1670 73 804
1670 73 805
1670 73 806
1671 73 800
1671 73 801
1671 73 802
1671 73 803
1671 73 804
1671 73 805
1671 73 806
1672 73 800
1672 73 801
1672 73 802
1672 73 803
1672 73 804
1672 73 805
1672 73 806
1673 73 800
1673 73 801
1673 73 802
1673 73 803
1673 73 804
1673 73 805
1673 73 806
1674 73 800
1674 73 801
1674 73 802
1674 73 803
1674 73 804
1674 73 805
1674 73 806
1675 73 800
1675 73 801
1675 73 802
1675 73 803
1675 73 804
1675 73 805
1675 73 806
1676 73 800
1676 73 801
1676 73 802
1676 73 803
1676 73 804
1676 73 805
1676 73 806
1677 73 800
1677 73 801
1677 73 802
1677 73 803
1677 73 804
1677 73 805
1677 73 806
1678 73 800
1678 73 801
1678 73 802
1678 73 803
1678 73 804
1678 73 805
1678 73 806
1679 73 800
1679 73 801
1679 73 802
1679 73 803
1679 73 804
1679 73 805
1679 73 806
1680 73 800
1680 73 801
1680 73 802
1680 73 803
1680 73 804
1680 73 805
1680 73 806
1681 73 800
1681 73 801
1681 73 802
1681 73 803
1681 73 804
1681 73 805
1681 73 806
1682 73 800
1682 73 801
1682 73 802
1682 73 803
1682 73 804
1682 73 805
1682 73 806
1683 73 800
1683 73 801
1683 73 802
1683 73 803
1683 73 804
1683 73 805
1683 73 806
1684 73 800
1684 73 801
1684 73 802
1684 73 803
1684 73 804
1684 73 805
1684 73 806
1685 73 800
1685 73 801
1685 73 802
1685 73 803
1685 73 804
1685 73 805
1685 73 806
1686 73 800
1686 73 801
1686 73 802
1686 73 803
1686 73 804
1686 73 805
1686 73 806
1687 73 800
1687 73 801
1687 73 802
1687 73 803
1687 73 804
1687 73 805
1687 73 806
1688 73 800
1688 73 801
1688 73 802
1688 73 803
1688 73 804
1688 73 805
1688 73 806
1689 73 800
1689 73 801
1689 73 802
1689 73 803
1689 73 804
1689 73 805
1689 73 806
1690 73 800
1690 73 801
1690 73 802
1690 73 803
1690 73 804
1690 73 805
1690 73 806
1691 73 800
1691 73 801
1691 73 802
1691 73 803
1691 73 804
1691 73 805
1691 73 806
1692 73 800
1692 73 801
1692 73 802
1692 73 803
1692 73 804
1692 73 805
1692 73 806
1693 73 800
1693 73 801
1693 73 802
1693 73 803
1693 73 804
1693 73 805
1693 73 806
1694 73 800
1694 73 801
1694 73 802
1694 73 803
1694 73 804
1694 73 805
1694 73 806
1695 73 800
1695 73 801
1695 73 802
1695 73 803
1695 73 804
1695 73 805
1695 73 806
1696 73 800
1696 73 801
1696 73 802
1696 73 803
1696 73 804
1696 73 805
1696 73 806
1697 73 800
1697 73 801
1697 73 802
1697 73 803
1697 73 804
1697 73 805
1697 73 806
1698 73 800
1698 73 801
1698 73 802
1698 73 803
1698 73 804
1698 73 805
1698 73 806
1699 73 800
1699 73 801
1699 73 802
1699 73 803
1699 73 804
1699 73 805
1699 73 806
1700 73 800
1700 73 801
1700 73 802
1700 73 803
1700 73 804
1700 73 805
1700 73 806
1701 73 800
1701 73 801
1701 73 802
1701 73 803
1701 73 804
1701 73 805
1701 73 806
1702 73 800
1702 73 801
1702 73 802
1702 73 803
1702 73 804
1702 73 805
1702 73 806
1703 73 800
1703 73 801
1703 73 802
1703 73 803
1703 73 804
1703 73 805
1703 73 806
1704 73 800
1704 73 801
1704 73 802
1704 73 803
1704 73 804
1704 73 805
1704 73 806
1705 73 800
1705 73 801
1705 73 802
1705 73 803
1705 73 804
1705 73 805
1705 73 806
1706 73 800
1706 73 801
1706 73 802
1706 73 803
1706 73 804
1706 73 805
1706 73 806
1707 73 800
1707 73 801
1707 73 802
1707 73 803
1707 73 804
1707 73 805
1707 73 806
1708 73 800
1708 73 801
1708 73 802
1708 73 803
1708 73 804
1708 73 805
1708 73 806
1709 73 800
1709 73 801
1709 73 802
1709 73 803
1709 73 804
1709 73 805
1709 73 806
1710 73 800
1710 73 801
1710 73 802
1710 73 803
1710 73 804
1710 73 805
1710 73 806
1711 73 800
1711 73 801
1711 73 802
1711 73 803
1711 73 804
1711 73 805
1711 73 806
1712 73 800
1712 73 801
1712 73 802
1712 73 803
1712 73 804
1712 73 805
1712 73 806
1713 73 800
1713 73 801
1713 73 802
1713 73 803
1713 73 804
1713 73 805
1713 73 806
1714 73 800
1714 73 801
1714 73 802
1714 73 803
1714 73 804
1714 73 805
1714 73 806
1715 73 800
1715 73 801
1715 73 802
1715 73 803
1715 73 804
1715 73 805
1715 73 806
1716 73 800
1716 73 801
1716 73 802
1716 73 803
1716 73 804
1716 73 805
1716 73 806
1717 73 800
1717 73 801
1717 73 802
1717 73 803
1717 73 804
1717 73 805
1717 73 806
1718 73 800
1718 73 801
1718 73 802
1718 73 803
1718 73 804
1718 73 805
1718 73 806
1719 73 800
1719 73 801
1719 73 802
1719 73 803
1719 73 804
1719 73 805
1719 73 806
1720 73 800
1720 73 801
1720 73 802
1720 73 803
1720 73 804
1720 73 805
1720 73 806
1721 73 800
1721 73 801
1721 73 802
1721 73 803
1721 73 804
1721 73 805
1721 73 806
1722 73 800
1722 73 801
1722 73 802
1722 73 803
1722 73 804
1722 73 805
1722 73 806
1723 73 800
1723 73 801
1723 73 802
1723 73 803
1723 73 804
1723 73 805
1723 73 806
1724 73 800
1724 73 801
1724 73 802
1724 73 803
1724 73 804
1724 73 805
1724 73 806
1725 73 800
1725 73 801
1725 73 802
1725 73 803
1725 73 804
1725 73 805
1725 73 806
1726 73 800
1726 73 801
1726 73 802
1726 73 803
1726 73 804
1726 73 805
1726 73 806
1727 73 800
1727 73 801
1727 73 802
1727 73 803
1727 73 804
1727 73 805
1727 73 806
1728 73 800
1728 73 801
1728 73 802
1728 73 803
1728 73 804
1728 73 805
1728 73 806
1729 73 800
1729 73 801
1729 73 802
1729 73 803
1729 73 804
1729 73 805
1729 73 806
1730 73 800
1730 73 801
1730 73 802
1730 73 803
1730 73 804
1730 73 805
1730 73 806
1731 73 800
1731 73 801
1731 73 802
1731 73 803
1731 73 804
1731 73 805
1731 73 806
1732 73 800
1732 73 801
1732 73 802
1732 73 803
1732 73 804
1732 73 805
1732 73 806
1733 73 800
1733 73 801
1733 73 802
1733 73 803
1733 73 804
1733 73 805
1733 73 806
1734 73 800
1734 73 801
1734 73 802
1734 73 803
1734 73 804
1734 73 805
1734 73 806
1735 73 800
1735 73 801
1735 73 802
1735 73 803
1735 73 804
1735 73 805
1735 73 806
1736 73 800
1736 73 801
1736 73 802
1736 73 803
1736 73 804
1736 73 805
1736 73 806
1737 73 800
1737 73 801
1737 73 802
1737 73 803
1737 73 804
1737 73 805
1737 73 806
1738 73 800
1738 73 801
1738 73 802
1738 73 803
1738 73 804
1738 73 805
1738 73 806
1739 73 800
1739 73 801
1739 73 802
1739 73 803
1739 73 804
1739 73 805
1739 73 806
1740 73 800
1740 73 801
1740 73 802
1740 73 803
1740 73 804
1740 73 805
1740 73 806
1741 73 800
1741 73 801
1741 73 802
1741 73 803
1741 73 804
1741 73 805
1741 73 806
1742 73 800
1742 73 801
1742 73 802
1742 73 803
1742 73 804
1742 73 805
1742 73 806
1743 73 800
1743 73 801
1743 73 802
1743 73 803
1743 73 804
1743 73 805
1743 73 806
1744 73 800
1744 73 801
1744 73 802
1744 73 803
1744 73 804
1744 73 805
1744 73 806
1745 73 800
1745 73 801
1745 73 802
1745 73 803
1745 73 804
1745 73 805
1745 73 806
1746 73 800
1746 73 801
1746 73 802
1746 73 803
1746 73 804
1746 73 805
1746 73 806
1747 73 800
1747 73 801
1747 73 802
1747 73 803
1747 73 804
1747 73 805
1747 73 806
1748 73 800
1748 73 801
1748 73 802
1748 73 803
1748 73 804
1748 73 805
1748 73 806
1749 73 800
1749 73 801
1749 73 802
1749 73 803
1749 73 804
1749 73 805
1749 73 806
1750 73 800
1750 73 801
1750 73 802
1750 73 803
1750 73 804
1750 73 805
1750 73 806
1751 73 800
1751 73 801
1751 73 802
1751 73 803
1751 73 804
1751 73 805
1751 73 806
1752 73 800
1752 73 801
1752 73 802
1752 73 803
1752 73 804
1752 73 805
1752 73 806
1753 73 800
1753 73 801
1753 73 802
1753 73 803
1753 73 804
1753 73 805
1753 73 806
1754 73 800
1754 73 801
1754 73 802
1754 73 803
1754 73 804
1754 73 805
1754 73 806
1755 73 800
1755 73 801
1755 73 802
1755 73 803
1755 73 804
1755 73 805
1755 73 806
1756 73 800
1756 73 801
1756 73 802
1756 73 803
1756 73 804
1756 73 805
1756 73 806
1757 73 800
1757 73 801
1757 73 802
1757 73 803
1757 73 804
1757 73 805
1757 73 806
1758 73 800
1758 73 801
1758 73 802
1758 73 803
1758 73 804
1758 73 805
1758 73 806
1759 73 800
1759 73 801
1759 73 802
1759 73 803
1759 73 804
1759 73 805
1759 73 806
1760 73 800
1760 73 801
1760 73 802
1760 73 803
1760 73 804
1760 73 805
1760 73 806
1761 73 800
1761 73 801
1761 73 802
1761 73 803
1761 73 804
1761 73 805
1761 73 806
1762 73 800
1762 73 801
1762 73 802
1762 73 803
1762 73 804
1762 73 805
1762 73 806
1763 73 800
1763 73 801
1763 73 802
1763 73 803
1763 73 804
1763 73 805
1763 73 806
1764 73 800
1764 73 801
1764 73 802
1764 73 803
1764 73 804
1764 73 805
1764 73 806
1765 73 800
1765 73 801
1765 73 802
1765 73 803
1765 73 804
1765 73 805
1765 73 806
1766 73 800
1766 73 801
1766 73 802
1766 73 803
1766 73 804
1766 73 805
1766 73 806
1767 73 800
1767 73 801
1767 73 802
1767 73 803
1767 73 804
1767 73 805
1767 73 806
1768 73 800
1768 73 801
1768 73 802
1768 73 803
1768 73 804
1768 73 805
1768 73 806
1769 73 800
1769 73 801
1769 73 802
1769 73 803
1769 73 804
1769 73 805
1769 73 806
1770 73 800
1770 73 801
1770 73 802
1770 73 803
1770 73 804
1770 73 805
1770 73 806
1771 73 800
1771 73 801
1771 73 802
1771 73 803
1771 73 804
1771 73 805
1771 73 806
1772 73 800
1772 73 801
1772 73 802
1772 73 803
1772 73 804
1772 73 805
1772 73 806
1773 73 800
1773 73 801
1773 73 802
1773 73 803
1773 73 804
1773 73 805
1773 73 806
1774 73 800
1774 73 801
1774 73 802
1774 73 803
1774 73 804
1774 73 805
1774 73 806
1775 73 800
1775 73 801
1775 73 802
1775 73 803
1775 73 804
1775 73 805
1775 73 806
1776 73 800
1776 73 801
1776 73 802
1776 73 803
1776 73 804
1776 73 805
1776 73 806
1777 73 800
1777 73 801
1777 73 802
1777 73 803
1777 73 804
1777 73 805
1777 73 806
1778 73 800
1778 73 801
1778 73 802
1778 73 803
1778 73 804
1778 73 805
1778 73 806
1779 73 800
1779 73 801
1779 73 802
1779 73 803
1779 73 804
1779 73 805
1779 73 806
1780 73 800
1780 73 801
1780 73 802
1780 73 803
1780 73 804
1780 73 805
1780 73 806
1781 73 800
1781 73 801
1781 73 802
1781 73 803
1781 73 804
1781 73 805
1781 73 806
1782 73 800
1782 73 801
1782 73 802
1782 73 803
1782 73 804
1782 73 805
1782 73 806
1783 73 800
1783 73 801
1783 73 802
1783 73 803
1783 73 804
1783 73 805
1783 73 806
1784 73 800
1784 73 801
1784 73 802
1784 73 803
1784 73 804
1784 73 805
1784 73 806
1785 73 800
1785 73 801
1785 73 802
1785 73 803
1785 73 804
1785 73 805
1785 73 806
1786 73 800
1786 73 801
1786 73 802
1786 73 803
1786 73 804
1786 73 805
1786 73 806
1787 73 800
1787 73 801
1787 73 802
1787 73 803
1787 73 804
1787 73 805
1787 73 806
1788 73 800
1788 73 801
1788 73 802
1788 73 803
1788 73 804
1788 73 805
1788 73 806
1789 73 800
1789 73 801
1789 73 802
1789 73 803
1789 73 804
1789 73 805
1789 73 806
1790 73 800
1790 73 801
1790 73 802
1790 73 803
1790 73 804
1790 73 805
1790 73 806
1791 73 800
1791 73 801
1791 73 802
1791 73 803
1791 73 804
1791 73 805
1791 73 806
1792 73 800
1792 73 801
1792 73 802
1792 73 803
1792 73 804
1792 73 805
1792 73 806
1793 73 800
1793 73 801
1793 73 802
1793 73 803
1793 73 804
1793 73 805
1793 73 806
1794 73 800
1794 73 801
1794 73 802
1794 73 803
1794 73 804
1794 73 805
1794 73 806
1795 73 800
1795 73 801
1795 73 802
1795 73 803
1795 73 804
1795 73 805
1795 73 806
1796 73 800
1796 73 801
1796 73 802
1796 73 803
1796 73 804
1796 73 805
1796 73 806
1797 73 800
1797 73 801
1797 73 802
1797 73 803
1797 73 804
1797 73 805
1797 73 806
1798 73 800
1798 73 801
1798 73 802
1798 73 803
1798 73 804
1798 73 805
1798 73 806
1799 73 800
1799 73 801
1799 73 802
1799 73 803
1799 73 804
1799 73 805
1799 73 806
1800 73 800
1800 73 801
1800 73 802
1800 73 803
1800 73 804
1800 73 805
1800 73 806
1801 73 800
1801 73 801
1801 73 802
1801 73 803
1801 73 804
1801 73 805
1801 73 806
1802 73 800
1802 73 801
1802 73 802
1802 73 803
1802 73 804
1802 73 805
1802 73 806
1803 73 800
1803 73 801
1803 73 802
1803 73 803
1803 73 804
1803 73 805
1803 73 806
1804 73 800
1804 73 801
1804 73 802
1804 73 803
1804 73 804
1804 73 805
1804 73 806
1805 73 800
1805 73 801
1805 73 802
1805 73 803
1805 73 804
1805 73 805
1805 73 806
1806 73 800
1806 73 801
1806 73 802
1806 73 803
1806 73 804
1806 73 805
1806 73 806
1807 73 800
1807 73 801
1807 73 802
1807 73 803
1807 73 804
1807 73 805
1807 73 806
1808 73 800
1808 73 801
1808 73 802
1808 73 803
1808 73 804
1808 73 805
1808 73 806
1809 73 800
1809 73 801
1809 73 802
1809 73 803
1809 73 804
1809 73 805
1809 73 806
1810 73 800
1810 73 801
1810 73 802
1810 73 803
1810 73 804
1810 73 805
1810 73 806
1811 73 800
1811 73 801
1811 73 802
1811 73 803
1811 73 804
1811 73 805
1811 73 806
1812 73 800
1812 73 801
1812 73 802
1812 73 803
1812 73 804
1812 73 805
1812 73 806
1813 73 800
1813 73 801
1813 73 802
1813 73 803
1813 73 804
1813 73 805
1813 73 806
1814 73 800
1814 73 801
1814 73 802
1814 73 803
1814 73 804
1814 73 805
1814 73 806
1815 73 800
1815 73 801
1815 73 802
1815 73 803
1815 73 804
1815 73 805
1815 73 806
1816 73 800
1816 73 801
1816 73 802
1816 73 803
1816 73 804
1816 73 805
1816 73 806
1817 73 800
1817 73 801
1817 73 802
1817 73 803
1817 73 804
1817 73 805
1817 73 806
1818 73 800
1818 73 801
1818 73 802
1818 73 803
1818 73 804
1818 73 805
1818 73 806
1819 73 800
1819 73 801
1819 73 802
1819 73 803
1819 73 804
1819 73 805
1819 73 806
1820 73 800
1820 73 801
1820 73 802
1820 73 803
1820 73 804
1820 73 805
1820 73 806
1821 73 800
1821 73 801
1821 73 802
1821 73 803
1821 73 804
1821 73 805
1821 73 806
1822 73 800
1822 73 801
1822 73 802
1822 73 803
1822 73 804
1822 73 805
1822 73 806
1823 73 800
1823 73 801
1823 73 802
1823 73 803
1823 73 804
1823 73 805
1823 73 806
1824 73 800
1824 73 801
1824 73 802
1824 73 803
1824 73 804
1824 73 805
1824 73 806
1825 73 800
1825 73 801
1825 73 802
1825 73 803
1825 73 804
1825 73 805
1825 73 806
1826 73 800
1826 73 801
1826 73 802
1826 73 803
1826 73 804
1826 73 805
1826 73 806
1827 73 800
1827 73 801
1827 73 802
1827 73 803
1827 73 804
1827 73 805
1827 73 806
1828 73 800
1828 73 801
1828 73 802
1828 73 803
1828 73 804
1828 73 805
1828 73 806
1829 73 800
1829 73 801
1829 73 802
1829 73 803
1829 73 804
1829 73 805
1829 73 806
1830 73 800
1830 73 801
1830 73 802
1830 73 803
1830 73 804
1830 73 805
1830 73 806
1831 73 800
1831 73 801
1831 73 802
1831 73 803
1831 73 804
1831 73 805
1831 73 806
1832 73 800
1832 73 801
1832 73 802
1832 73 803
1832 73 804
1832 73 805
1832 73 806
1833 73 800
1833 73 801
1833 73 802
1833 73 803
1833 73 804
1833 73 805
1833 73 806
1834 73 800
1834 73 801
1834 73 802
1834 73 803
1834 73 804
1834 73 805
1834 73 806
1835 73 800
1835 73 801
1835 73 802
1835 73 803
1835 73 804
1835 73 805
1835 73 806
1836 73 800
1836 73 801
1836 73 802
1836 73 803
1836 73 804
1836 73 805
1836 73 806
1837 73 800
1837 73 801
1837 73 802
1837 73 803
1837 73 804
1837 73 805
1837 73 806
1838 73 800
1838 73 801
1838 73 802
1838 73 803
1838 73 804
1838 73 805
1838 73 806
1839 73 800
1839 73 801
1839 73 802
1839 73 803
1839 73 804
1839 73 805
1839 73 806
1840 73 800
1840 73 801
1840 73 802
1840 73 803
1840 73 804
1840 73 805
1840 73 806
1841 73 800
1841 73 801
1841 73 802
1841 73 803
1841 73 804
1841 73 805
1841 73 806
1842 73 800
1842 73 801
1842 73 802
1842 73 803
1842 73 804
1842 73 805
1842 73 806
1843 73 800
1843 73 801
1843 73 802
1843 73 803
1843 73 804
1843 73 805
1843 73 806
1844 73 800
1844 73 801
1844 73 802
1844 73 803
1844 73 804
1844 73 805
1844 73 806
1845 73 800
1845 73 801
1845 73 802
1845 73 803
1845 73 804
1845 73 805
1845 73 806
1846 73 800
1846 73 801
1846 73 802
1846 73 803
1846 73 804
1846 73 805
1846 73 806
1847 73 800
1847 73 801
1847 73 802
1847 73 803
1847 73 804
1847 73 805
1847 73 806
1848 73 800
1848 73 801
1848 73 802
1848 73 803
1848 73 804
1848 73 805
1848 73 806
1849 73 800
1849 73 801
1849 73 802
1849 73 803
1849 73 804
1849 73 805
1849 73 806
1850 73 800
1850 73 801
1850 73 802
1850 73 803
1850 73 804
1850 73 805
1850 73 806
1851 73 800
1851 73 801
1851 73 802
1851 73 803
1851 73 804
1851 73 805
1851 73 806
1852 73 800
1852 73 801
1852 73 802
1852 73 803
1852 73 804
1852 73 805
1852 73 806
1853 73 800
1853 73 801
1853 73 802
1853 73 803
1853 73 804
1853 73 805
1853 73 806
1854 73 800
1854 73 801
1854 73 802
1854 73 803
1854 73 804
1854 73 805
1854 73 806
1855 73 800
1855 73 801
1855 73 802
1855 73 803
1855 73 804
1855 73 805
1855 73 806
1856 73 800
1856 73 801
1856 73 802
1856 73 803
1856 73 804
1856 73 805
1856 73 806
1857 73 800
1857 73 801
1857 73 802
1857 73 803
1857 73 804
1857 73 805
1857 73 806
1858 73 800
1858 73 801
1858 73 802
1858 73 803
1858 73 804
1858 73 805
1858 73 806
1859 73 800
1859 73 801
1859 73 802
1859 73 803
1859 73 804
1859 73 805
1859 73 806
1860 73 800
1860 73 801
1860 73 802
1860 73 803
1860 73 804
1860 73 805
1860 73 806
1861 73 800
1861 73 801
1861 73 802
1861 73 803
1861 73 804
1861 73 805
1861 73 806
1862 73 800
1862 73 801
1862 73 802
1862 73 803
1862 73 804
1862 73 805
1862 73 806
1863 73 800
1863 73 801
1863 73 802
1863 73 803
1863 73 804
1863 73 805
1863 73 806
1864 73 800
1864 73 801
1864 73 802
1864 73 803
1864 73 804
1864 73 805
1864 73 806
1865 73 800
1865 73 801
1865 73 802
1865 73 803
1865 73 804
1865 73 805
1865 73 806
1866 73 800
1866 73 801
1866 73 802
1866 73 803
1866 73 804
1866 73 805
1866 73 806
1867 73 800
1867 73 801
1867 73 802
1867 73 803
1867 73 804
1867 73 805
1867 73 806
1868 73 800
1868 73 801
1868 73 802
1868 73 803
1868 73 804
1868 73 805
1868 73 806
1869 73 800
1869 73 801
1869 73 802
1869 73 803
1869 73 804
1869 73 805
1869 73 806
1870 73 800
1870 73 801
1870 73 802
1870 73 803
1870 73 804
1870 73 805
1870 73 806
1871 73 800
1871 73 801
1871 73 802
1871 73 803
1871 73 804
1871 73 805
1871 73 806
1872 73 800
1872 73 801
1872 73 802
1872 73 803
1872 73 804
1872 73 805
1872 73 806
1873 73 800
1873 73 801
1873 73 802
1873 73 803
1873 73 804
1873 73 805
1873 73 806
1874 73 800
1874 73 801
1874 73 802
1874 73 803
1874 73 804
1874 73 805
1874 73 806
1875 73 800
1875 73 801
1875 73 802
1875 73 803
1875 73 804
1875 73 805
1875 73 806
1876 73 800
1876 73 801
1876 73 802
1876 73 803
1876 73 804
1876 73 805
1876 73 806
1877 73 800
1877 73 801
1877 73 802
1877 73 803
1877 73 804
1877 73 805
1877 73 806
1878 73 800
1878 73 801
1878 73 802
1878 73 803
1878 73 804
1878 73 805
1878 73 806
1879 73 800
1879 73 801
1879 73 802
1879 73 803
1879 73 804
1879 73 805
1879 73 806
1880 73 800
1880 73 801
1880 73 802
1880 73 803
1880 73 804
1880 73 805
1880 73 806
1881 73 800
1881 73 801
1881 73 802
1881 73 803
1881 73 804
1881 73 805
1881 73 806
1882 73 800
1882 73 801
1882 73 802
1882 73 803
1882 73 804
1882 73 805
1882 73 806
1883 73 800
1883 73 801
1883 73 802
1883 73 803
1883 73 804
1883 73 805
1883 73 806
1884 73 800
1884 73 801
1884 73 802
1884 73 803
1884 73 804
1884 73 805
1884 73 806
1885 73 800
1885 73 801
1885 73 802
1885 73 803
1885 73 804
1885 73 805
1885 73 806
1886 73 800
1886 73 801
1886 73 802
1886 73 803
1886 73 804
1886 73 805
1886 73 806
1887 73 800
1887 73 801
1887 73 802
1887 73 803
1887 73 804
1887 73 805
1887 73 806
1888 73 800
1888 73 801
1888 73 802
1888 73 803
1888 73 804
1888 73 805
1888 73 806
1889 73 800
1889 73 801
1889 73 802
1889 73 803
1889 73 804
1889 73 805
1889 73 806
1890 73 800
1890 73 801
1890 73 802
1890 73 803
1890 73 804
1890 73 805
1890 73 806
1891 73 800
1891 73 801
1891 73 802
1891 73 803
1891 73 804
1891 73 805
1891 73 806
1892 73 800
1892 73 801
1892 73 802
1892 73 803
1892 73 804
1892 73 805
1892 73 806
1893 73 800
1893 73 801
1893 73 802
1893 73 803
1893 73 804
1893 73 805
1893 73 806
1894 73 800
1894 73 801
1894 73 802
1894 73 803
1894 73 804
1894 73 805
1894 73 806
1895 73 800
1895 73 801
1895 73 802
1895 73 803
1895 73 804
1895 73 805
1895 73 806
1896 73 800
1896 73 801
1896 73 802
1896 73 803
1896 73 804
1896 73 805
1896 73 806
1897 73 800
1897 73 801
1897 73 802
1897 73 803
1897 73 804
1897 73 805
1897 73 806
1898 73 800
1898 73 801
1898 73 802
1898 73 803
1898 73 804
1898 73 805
1898 73 806
1899 73 800
1899 73 801
1899 73 802
1899 73 803
1899 73 804
1899 73 805
1899 73 806
1900 73 800
1900 73 801
1900 73 802
1900 73 803
1900 73 804
1900 73 805
1900 73 806
1901 73 800
1901 73 801
1901 73 802
1901 73 803
1901 73 804
1901 73 805
1901 73 806
1902 73 800
1902 73 801
1902 73 802
1902 73 803
1902 73 804
1902 73 805
1902 73 806
1903 73 800
1903 73 801
1903 73 802
1903 73 803
1903 73 804
1903 73 805
1903 73 806
1904 73 800
1904 73 801
1904 73 802
1904 73 803
1904 73 804
1904 73 805
1904 73 806
1905 73 800
1905 73 801
1905 73 802
1905 73 803
1905 73 804
1905 73 805
1905 73 806
1906 73 800
1906 73 801
1906 73 802
1906 73 803
1906 73 804
1906 73 805
1906 73 806
1907 73 800
1907 73 801
1907 73 802
1907 73 803
1907 73 804
1907 73 805
1907 73 806
1908 73 800
1908 73 801
1908 73 802
1908 73 803
1908 73 804
1908 73 805
1908 73 806
1909 73 800
1909 73 801
1909 73 802
1909 73 803
1909 73 804
1909 73 805
1909 73 806
1910 73 800
1910 73 801
1910 73 802
1910 73 803
1910 73 804
1910 73 805
1910 73 806
1911 73 800
1911 73 801
1911 73 802
1911 73 803
1911 73 804
1911 73 805
1911 73 806
1912 73 800
1912 73 801
1912 73 802
1912 73 803
1912 73 804
1912 73 805
1912 73 806
1913 73 800
1913 73 801
1913 73 802
1913 73 803
1913 73 804
1913 73 805
1913 73 806
1914 73 800
1914 73 801
1914 73 802
1914 73 803
1914 73 804
1914 73 805
1914 73 806
1915 73 800
1915 73 801
1915 73 802
1915 73 803
1915 73 804
1915 73 805
1915 73 806
1916 73 800
1916 73 801
1916 73 802
1916 73 803
1916 73 804
1916 73 805
1916 73 806
1917 73 800
1917 73 801
1917 73 802
1917 73 803
1917 73 804
1917 73 805
1917 73 806
1918 73 800
1918 73 801
1918 73 802
1918 73 803
1918 73 804
1918 73 805
1918 73 806
1919 73 800
1919 73 801
1919 73 802
1919 73 803
1919 73 804
1919 73 805
1919 73 806